2303.05499
2102.06171
2103.00020
2203.00386
2101.08744
2202.08906
2203.05115
2001.08210
2101.00190
2402.04614
2401.04925
2001.09977
1803.05407
2501.03262
2101.00234
2005.00200
2102.02611
2201.01972
2301.12597
2302.11050
1901.10002
2401.01313
2401.04088
2201.08860
2102.04664
2401.13560
2301.05065
2401.02668
1802.00150
2401.01544
1801.08930
2502.00745
2401.02385
2302.05981
2101.05796
1802.08254
2201.03639
2401.11470
2401.03955
2001.07504
1901.08277
2302.00219
2502.00537
2301.00774
2401.06803
2201.05337
2501.07783
2302.10904
1901.00248
2502.06854
2102.05766
2002.11887
2401.00814
2001.11507
2402.07912
2101.06917
2401.02669
2001.04583
2103.03467
2403.01121
2002.03532
2101.00204
2102.03315
2405.12635
2502.15488
2201.01209
2205.03257
1909.11740
2505.19455
2508.09265
2504.05536
2311.03542
2211.05100
2205.11127
2301.12865
2402.17764
1904.03278
2012.02154
2302.13473
1901.00844
2406.02600
2301.05217
2203.15203
2301.08577
2401.10946
2004.03276
2101.06139
2404.11023
2101.09336
2402.08023
2108.13624
2402.11968
2302.06476
2103.01782
2001.01793
2303.08774
2304.13158
1802.08218
2202.06466
2604.19790
2111.09266
2302.05927
2503.24320
1801.08024
1701.00981
2007.15207
2003.10554
2302.05007
1701.08474
2204.10562
2303.16129
2403.01632
2304.13097
1803.04126
1810.03660
1910.04436
1906.02361
2205.08608
2306.10679
2501.15014
2506.14245
1603.02754
2308.14963
2305.02601
2302.09927
1508.05400
1611.08097
2002.12007
1601.04155
1510.01497
2301.01630
2507.10058
1411.7591
1705.08174
1604.04842
1703.09902
2007.08803
2303.03548
2001.03787
2502.05120
1410.4330
1711.10485
1707.01313
2008.04004
2308.00265
2303.15389
2102.12092
2104.08758
2205.01068
2102.12122
2203.08913
2203.11171
2002.01808
2102.02888
2402.10601
2402.18700
2002.07376
1803.09820
2501.09686
2103.01197
2006.13171
2001.04451
2101.04414
2302.00923
2305.12268
1901.10443
2401.08281
2401.07851
2201.11227
2104.05025
2401.13934
2302.00402
2401.02994
1802.05668
2401.01666
1802.03976
2503.17497
2401.06118
2302.12170
2103.07798
1803.01420
2201.07520
2401.16923
2401.06524
2002.07386
1901.08755
2302.09419
2502.08586
2302.08468
2401.17108
2204.02311
2503.01725
2303.00915
1904.09237
2503.15669
2104.08860
2003.03384
2401.14159
2003.00982
2405.18537
2101.09337
2401.08671
2001.11580
2104.02244
2405.17309
2002.03794
2105.14875
2102.10575
2505.05360
2201.04288
2205.10232
1910.01108
2401.09181
2508.19071
2402.03041
2107.01963
2101.09755
2101.09459
2303.03483
2404.18416
1907.00837
2205.00470
1802.03835
2408.00118
2303.08112
2211.01207
2301.11118
2402.00746
1902.03383
2107.02019
2405.02411
2001.00326
2402.10380
2007.00643
2403.00742
2303.03186
2104.00405
1803.08661
2307.03104
2308.08936
1706.03912
2203.13922
2505.01658
2112.11471
2203.05128
2509.23764
1802.09845
1608.03326
1901.04787
1701.00399
1802.09477
1704.04760
2103.13630
2304.12829
2404.02319
2109.14349
1810.06811
1611.04455
1907.03419
2205.09646
2308.15701
2506.17639
2304.06767
1406.1078
2309.11322
2206.08530
2101.06801
1408.6760
1506.05163
2005.01616
1508.01667
1411.6973
2107.00092
2412.13206
1412.1455
1705.10195
1507.05738
1710.08691
1201.2205
1304.1819
1909.06669
2303.17491
2103.03206
2105.02418
2205.05019
2103.14030
2203.15556
2204.01691
2002.06275
2103.00823
2402.16835
2403.17359
2002.08307
1804.07612
2501.11223
2105.11618
2009.03457
2001.04589
2102.05188
2201.11903
2305.12392
1801.09344
2401.11817
2401.11240
2202.05144
2104.11882
2402.03526
2302.14045
2401.15884
1802.08635
2301.04655
1802.05296
2401.15969
2401.16818
2304.10970
2103.12731
1803.03383
2204.03458
2401.17859
2401.15123
2003.03722
1902.01046
2304.02643
2502.11528
2305.01879
2402.02242
2204.06125
2503.07050
2303.14742
1802.05438
2402.03289
2104.13478
2005.02960
2402.03766
2003.12383
2003.08806
2101.09347
2401.09670
2002.03137
2006.08198
2301.10569
1901.02537
2003.00744
2103.07102
2507.11017
2201.05078
2106.04240
1704.04861
2401.16386
2402.04621
2407.13658
2004.00130
2104.06022
2105.08261
2303.05601
2303.15647
1801.07372
2208.05174
1803.05880
2409.00088
2303.08803
2101.00784
2304.02711
2406.16860
1903.12221
2004.01685
2301.12149
2008.01475
2406.06572
2007.08199
2403.11009
2304.04339
1701.08546
1805.10662
2307.07851
2308.09791
1602.05629
2105.06339
2505.09388
2003.11755
1703.01008
2401.16515
1703.08228
1502.04496
1805.07946
1702.02968
1706.05296
1706.03178
2109.09269
2305.13048
2409.12447
1903.06697
1705.01050
1611.07145
1909.03012
1804.09028
1703.04247
2202.12015
2310.13548
2203.13601
2107.03660
2008.12763
1412.6677
1902.10223
1511.07889
1309.5422
1906.02243
1512.04201
2304.07061
2005.00661
2105.04093
2205.08535
2105.12002
2204.05999
2206.02336
2003.02912
2103.13262
2403.19346
2404.09170
2003.03033
1805.01109
2501.12599
2105.14103
2010.03768
2002.02925
2104.01055
2203.03605
2305.14321
1803.01128
2402.05322
2401.14021
2203.08773
2105.13327
2402.04139
2303.02506
2402.07483
1803.05651
2304.03277
1802.06175
2406.14404
2402.10787
2304.13712
2104.05707
1803.06905
2204.08058
2402.05294
2402.02643
2006.11901
1903.10635
2305.01836
2502.15657
2305.11627
2402.03300
2102.01868
2503.08147
2304.01097
1803.05028
2403.16087
2106.07854
2005.04166
2405.07921
2004.06320
2101.12316
2401.10774
2003.03530
2007.01491
2302.14643
1905.06641
2003.10555
2103.07449
2507.23318
2201.05729
2112.13592
1602.02830
2402.01364
2406.03671
2301.03636
2005.12873
2104.08378
2110.07477
2304.13541
2303.17564
1803.08225
2209.09775
1804.08333
2410.11845
2303.10845
2104.09874
2304.10909
2407.01161
1910.05896
1905.10472
2304.02313
1811.09426
2406.08310
1908.09635
2303.18223
2305.15005
1508.03326
2203.05794
2312.07894
1602.07360
2109.09587
2508.15601
2012.06161
1605.07669
2411.13715
1506.06256
1509.05393
1706.01863
1702.04242
1707.09183
1711.09123
1905.13628
2305.17493
2310.03714
1508.03619
1507.06889
1411.5731
1506.01066
2202.03286
1609.07228
2002.12543
1601.04084
2305.05920
2006.11239
2105.14454
2206.00169
2001.09727
2205.14217
2207.05221
2005.00052
2104.06069
2404.08676
2404.15758
2004.10568
1805.05533
2501.12948
2109.03228
2010.09890
2002.05202
2105.02409
2204.00598
2305.15066
1804.11192
2402.07016
2402.01147
2205.09837
2105.15082
2402.06378
2303.03378
2402.11801
1702.01802
2305.09617
1703.00810
2409.13999
2402.11295
2305.02499
2104.09116
1803.10615
2205.16007
2302.13971
2402.04059
1902.05703
1905.01392
2305.03187
2505.08854
2305.12870
2402.07927
2102.04925
2503.10522
2304.06975
1806.01261
2404.16077
2106.11097
2006.03656
2406.01584
2004.07639
2102.08166
2401.11181
2003.06845
2007.06963
2305.10673
1905.11946
2004.03705
2104.01111
2508.07838
2201.05991
2011.07018
1602.07261
2402.11260
2410.03424
2301.06070
1901.08248
2104.08803
2112.07475
2305.13450
2304.11277
1803.09894
2210.02119
1808.03949
2303.10158
2304.14767
2106.05596
2305.05640
2408.07311
1911.01296
1908.03517
2305.03907
2406.10498
1911.08059
2305.05214
2308.12488
0912.3995
2211.13308
2204.11350
1611.07810
2004.00387
2509.07968
1801.09854
1607.07086
1511.02490
1512.00168
1710.04087
1703.08905
1509.06461
1603.04467
1911.03600
2309.01029
2203.12210
1102.1915
2305.08144
2009.09796
2106.13861
2206.10789
2003.06700
2206.12037
2207.05608
2005.00247
2104.14129
2404.17218
2404.17140
2005.07683
1702.00887
2501.14249
2004.11886
1901.03035
2003.02389
2105.03009
2205.10625
2305.18742
1805.04508
2402.10612
2402.01869
2207.01940
2106.01085
2402.08506
2303.11381
2402.12408
1704.05119
2307.06148
1704.01552
2410.04433
2402.14905
2305.05351
2105.10422
1806.01818
2207.12598
2303.04671
2402.06196
1903.03472
1802.07876
2305.15525
2505.17342
2305.14314
2404.13238
2103.14000
2402.07204
2304.09667
1810.11748
2405.06907
2106.13488
2006.07116
2406.09711
2005.03675
2003.00010
2401.14351
2003.08111
1902.00159
2306.00012
1906.11056
2004.07807
2105.05737
2508.15653
2201.08377
1901.08508
1602.07576
2403.19137
2302.01524
2205.08882
1904.02241
2105.13792
2004.00646
2306.03622
2308.08998
1804.01110
2106.15406
1809.07857
2205.11194
2306.04529
2108.10430
2305.16326
2303.16593
1810.09679
1809.05289
2308.13857
2406.15992
1807.04720
2307.06435
2308.13911
2104.04473
2209.02976
1612.01064
2004.12118
2512.23914
1802.00682
1609.00777
1511.02603
1302.0309
1612.03975
1606.07621
1609.01107
1712.06139
2305.09972
2010.04245
2107.02027
2208.01626
2004.04037
2208.03306
2209.01975
2007.07779
2105.04663
2404.18988
2405.14838
2006.03555
1702.07966
2401.04056
2007.09049
1903.01602
2004.02984
2105.07052
2205.10782
2305.19523
1806.02371
2402.10828
2402.03564
2209.10063
2108.04445
2402.10739
2303.16199
2402.14373
1709.00513
2307.09288
1705.03071
2410.15732
2403.12844
2305.19860
2105.10926
1806.08054
2103.10206
2303.12712
2402.10350
1904.01569
1806.00582
2307.00067
2506.01616
2305.14864
2405.03000
2104.07869
2406.04321
2304.11116
1702.08892
2405.17438
2107.00249
2006.08341
2406.14544
2005.07277
2003.09675
2401.14361
2004.07485
1907.06571
2309.04255
1907.06040
2005.00085
2106.06410
2401.15865
2201.12086
1902.10666
1603.05201
2405.02766
2303.10993
2211.10495
1905.08051
2106.05945
2008.09237
2306.13835
2203.02155
1804.04875
2108.06912
1811.01268
2209.13443
2309.05605
2109.05804
2305.19979
2310.07127
1708.03543
2309.11911
2408.03195
1711.01991
2310.15135
2004.09456
2105.11084
2004.10934
1510.00149
2011.02260
2405.14782
1706.03825
1512.08417
1407.4075
1211.4290
1608.06696
2305.10403
2101.00027
2107.08430
2209.14988
2004.05930
2208.04933
2209.06120
2010.11918
2105.05720
2405.00557
2406.18665
2006.04768
1703.04933
2402.13228
2010.03058
1903.03094
2004.05686
2106.06949
2205.11916
2306.00924
1807.03819
2402.13625
2402.09748
2101.00774
2002.09571
2303.06349
2304.08345
2402.14845
1710.07706
2308.10792
1705.05502
2301.08727
2404.10838
2306.01102
2001.02905
1806.08616
2111.02114
2304.05340
2402.16132
1908.01656
1806.01248
2307.03638
2506.02718
2305.17888
2405.17053
2105.05779
2407.20962
2304.14454
1704.01212
2406.11935
2107.06383
2007.04965
2407.06298
2006.06091
2006.04747
2402.02057
2004.07711
1908.09791
2310.11829
1908.07873
2009.07896
2107.13586
2402.12289
2201.12944
1909.09150
1604.00676
2406.06391
2309.04332
2109.07744
1910.05773
2109.06243
1905.01395
2308.13803
2209.14375
1805.04092
2110.14795
1812.10027
2105.03075
2310.16270
2111.10759
2306.08302
2312.09672
1503.04693
2310.12821
2410.10341
1712.02976
2310.17787
2009.13081
2112.11446
1706.05587
1412.6550
2011.04797
2410.03492
1412.6806
0805.2068
1511.02037
2305.11854
1904.01201
2112.00848
2210.02303
2006.06443
2209.12951
2210.01240
2010.12826
2105.13120
2405.15092
2407.06023
2010.07468
1703.11008
2403.07974
2011.04006
1910.03655
2005.12872
2110.12894
2205.12255
2308.02565
1807.04457
2404.12720
2402.15220
2104.08253
2003.04807
2304.07193
2304.08485
2402.15505
1711.01068
2308.12043
1705.10422
2301.13195
2407.08608
2307.16376
2004.01178
1704.05426
2111.12374
2304.10722
2304.04661
1908.08340
1806.09055
2307.16847
2506.07398
2203.10705
2406.02616
2106.08527
2409.07450
2306.03030
1704.02798
2407.02524
2107.07651
2008.09777
2407.19305
2006.13365
2006.07272
2402.02750
2006.00830
1911.05443
2201.08459
1802.02138
2011.02323
2109.01652
2405.13448
2202.03052
1802.06739
1606.01981
2408.09984
2310.02156
1312.1719
1911.11624
2110.07038
1905.01986
2309.00558
2210.09261
1805.04095
2111.01872
1812.11494
2108.04417
2201.08239
2112.06592
2306.12802
2011.08899
1505.00768
2312.09818
2412.08742
2310.19567
1901.02839
2001.08361
1511.07289
1909.01315
2410.04466
2202.02312
1904.03240
2002.08155
2210.03629
2009.10924
2210.04243
2103.03874
1904.09728
2105.14450
2405.18915
2407.18003
2010.15980
1706.02677
2405.11143
1904.12584
1912.02315
2006.03236
2110.15405
2206.07682
2308.07134
1808.07231
2301.02560
2403.01136
2104.08663
2004.12651
2312.00752
2304.10592
2404.14219
1711.02782
2308.14352
1706.09884
2304.01230
2409.06067
2308.12923
2006.03677
1707.01083
2111.12701
2305.04160
2305.11170
1910.02578
1808.04866
2308.04369
2507.02259
2208.07339
2406.10254
2108.07258
2409.11904
2306.09968
1705.05690
2407.04899
2108.10904
1902.08142
2409.01148
2006.14480
2006.09365
2402.07033
1901.01874
1911.11177
2201.08475
1804.02767
2011.04446
2109.05014
2406.17542
2202.07125
1802.08232
1608.08710
2409.13792
2312.07511
1912.12740
2110.08419
1907.00710
2310.02784
2211.09110
1805.08973
2002.00211
1702.07811
2011.12289
2211.00593
2002.05534
2307.03067
2012.02282
1403.0041
2205.04749
2302.01313
2102.11000
1909.07734
2006.03654
1810.13306
2202.08137
1904.05862
2003.01355
2210.07839
2011.08605
2210.08933
2103.07191
1904.11574
2110.03888
2406.09187
2407.21783
2011.13635
1707.03770
2406.10185
1906.08862
1805.06066
2006.16668
2111.06157
2209.14610
2203.17274
1809.01093
2305.11172
2302.11665
2106.14807
2009.04891
2201.09846
2304.14178
2404.14619
1711.05852
2309.01105
1710.06451
2306.15748
2410.02453
2308.13319
2006.05891
1708.00630
2111.13333
2308.12966
2306.05032
1806.07840
1811.03604
2308.07633
2507.13729
2210.01351
2406.12793
2109.01962
2409.18869
2306.12174
1706.03762
2407.07472
2109.01134
1905.04970
2409.04038
2007.13807
2008.04699
2402.16363
1901.03728
1912.12167
2201.09859
1804.03209
1909.02209
2109.09063
2411.07711
2202.07247
1803.07422
1611.01578
2411.06764
2201.12674
1701.03091
2111.05193
1912.04639
2202.11243
2104.08691
1702.07432
2002.06177
1703.02952
1906.02876
2211.09085
2003.09093
2307.10169
1903.12133
1202.6049
2003.01478
2302.12449
2005.14050
2203.07828
1905.00075
2009.13845
2210.11427
1902.01492
2210.10340
2106.15691
1905.07830
2110.14883
2406.10311
2408.03314
2101.00063
1711.02760
2406.11191
1909.08859
1806.05635
2007.14062
2111.14720
2210.03493
2205.09712
1809.02079
2306.04362
2303.06865
2108.04106
2012.15504
2203.14343
2305.06500
2405.03821
1711.09224
2309.05516
1710.10121
2308.00255
2410.07265
2309.00614
2006.16673
1708.02640
2112.01799
2309.16058
2306.13063
1810.03505
1811.11080
2309.01262
2507.14293
2210.06210
2406.13280
2110.05056
2410.08202
2306.16034
1707.01926
2407.19087
2001.07966
1906.08102
2410.01407
2008.08294
2009.14763
2402.18789
1903.00445
1803.05900
2202.08455
1805.00331
1911.03894
2109.12575
2303.17099
2202.08360
1811.08010
1611.01600
2311.16206
2202.07082
1703.10628
2009.06732
1805.09557
2202.13481
2009.01325
1705.00389
2004.08546
1712.01887
1911.00105
2004.06912
2201.02797
1906.08172
1202.6144
1904.01172
2305.08804
2010.12707
2205.11029
1906.02850
2010.07586
2210.15663
1903.03934
2212.05055
2106.15772
1905.10044
2110.15032
2406.11020
2408.07666
1902.09574
1712.09913
2406.11939
1909.10351
1807.06757
2009.12812
2112.02267
2210.11416
2209.05481
1810.00069
2306.11207
2309.06180
2108.05540
1901.11373
2210.09298
2305.11846
2405.19635
1602.02410
2309.16739
1711.00489
2310.09163
2410.10926
2309.01446
2007.02731
1710.03740
2112.10741
2310.01852
2307.05950
1810.11702
1811.12470
2309.05519
2507.22844
2211.10438
2406.14440
2110.07122
2410.13720
2307.07697
1708.05144
2409.14771
2002.06353
1909.09656
2410.05577
1901.09590
2012.10333
2403.02310
1903.09102
1804.04338
2205.12711
1805.00907
1911.07613
2112.02682
2304.09785
2202.10401
1811.11264
1611.05138
2203.06904
2206.07369
1607.00655
2010.13382
1806.03733
2205.10034
2010.11924
1707.02439
2007.03856
1712.05855
1911.13218
2005.03950
2204.06031
1205.3993
1212.0402
1906.01830
2207.01206
1906.06423
2010.11934
2211.09527
1904.08368
2212.14052
2108.04927
1906.08237
2002.05645
2407.16216
2408.09559
1903.09807
1604.03257
2410.21276
1911.01545
1809.02156
2009.14794
2002.12654
2211.01910
2209.09338
1811.05577
2307.16125
2309.12307
2108.08877
1904.02232
2102.05095
2305.15023
2406.02532
1605.04711
2310.05694
1711.00851
2202.07800
2303.08999
2309.16797
2007.06059
1710.05420
2002.03761
2310.03986
2307.12980
1811.03981
1812.02903
2201.02849
2508.13118
2212.10505
2406.15126
2110.14844
2410.16162
2307.15189
1710.05941
2410.08806
2003.13198
1910.08406
2410.06456
1902.05632
1903.08752
2403.05527
1904.05250
1806.01683
2207.03522
1809.00343
1808.05700
2112.04539
2306.08543
2203.00585
1703.01619
1611.05377
2211.12701
2103.13355
1503.07241
1903.12136
1808.00720
2210.04024
1910.02054
1710.02322
2007.06236
1610.05492
1912.01703
2008.11104
2210.15985
1210.6724
1307.3091
2209.08199
1907.01341
2012.03826
2211.09800
1905.10650
2103.02143
2109.03034
1907.06987
2004.09910
2408.05093
2408.13457
1904.04900
1605.04639
2411.04368
1912.04971
1809.08267
2010.11929
2003.11999
2211.10435
2210.07128
1812.00151
2308.03281
2309.16609
2109.10086
1909.02027
2104.02008
2305.15328
2406.12295
1606.07326
2310.10049
1711.04623
2207.08865
2306.03078
2310.00749
2012.12877
1711.09485
2008.05865
2310.06383
2308.08469
1812.00535
1812.03337
2204.05862
2509.14647
2212.10534
2407.03050
2004.03774
2411.02385
2308.08833
1602.01783
2410.22818
2004.00849
1910.11858
2410.08405
1904.07189
1905.10018
2403.12900
1904.06250
1806.01775
2101.11174
1706.01215
1701.04290
2003.02320
2306.11695
2203.01922
1711.08195
1612.01051
2109.11369
2105.14491
1508.03843
1906.00532
1901.00431
2212.08146
1910.13461
1711.06475
2011.10464
1611.04581
1707.05005
1904.07734
2005.00545
0809.0009
2210.02406
1910.05453
2012.12627
2211.11018
1906.00091
2103.13076
2112.08633
1907.10701
2006.09616
2408.12798
2408.17017
1904.07421
1606.04474
2411.15124
1804.07461
1811.00613
2011.00593
2003.13761
2211.11682
2210.14709
1812.00315
2310.11511
2310.07240
2112.02732
1909.05358
2001.04193
2305.15727
2406.15319
1606.07947
2310.14651
1609.04836
2210.05832
2306.07629
2310.01260
1903.10082
1712.03524
2010.02806
2311.04219
2309.02854
1812.03239
1812.07210
2205.14204
2509.23071
2109.04838
2408.00714
2007.13207
2411.05679
2308.14321
1603.00748
2411.15100
2004.06165
1802.03268
2410.14690
1910.03088
1907.12205
2404.09526
1904.09882
1806.08342
2104.07145
1709.02260
1702.07825
2005.14165
2307.08691
2111.06377
1611.01799
1612.01230
1902.10486
2109.05641
1408.2041
1908.08962
1704.00200
2109.01611
1708.00055
1712.03453
2012.01973
1611.09726
1408.5093
1708.08197
0711.3915
2210.03945
1910.09932
2012.14610
2211.13221
1906.03193
2103.16716
2002.08910
1908.04364
2006.15704
2410.02884
2409.01281
1905.12322
1606.06565
2412.03966
1806.03822
1812.00087
2012.15701
2007.05296
2211.16198
2212.01681
1812.02953
2312.10997
2310.19102
2112.07899
1909.09436
2004.08955
2305.16103
2406.18082
1606.09274
2311.00447
1611.01838
2211.16726
2308.04528
2310.01436
1905.02325
1601.06071
2012.02813
2311.05437
2310.01728
1704.05021
1707.01155
2206.02909
2509.25140
2007.13242
2408.03959
2009.01715
2411.07539
2309.03118
1605.05273
2412.12163
2007.02375
1807.06906
2305.10254
1910.10045
1912.09528
2404.12457
1905.00742
1807.04188
2104.09949
1705.08947
2006.10713
2309.10285
2111.14821
1409.1259
1612.01543
1904.09981
2006.13318
1409.3288
1908.09982
1707.08029
2109.11067
1605.05180
1409.1556
0712.1609
2211.07615
1912.13318
1903.01363
2212.08751
1906.08879
2110.02488
2010.02193
1908.04616
2007.06775
2410.06304
2410.13284
1909.05840
1608.04636
2412.10400
1808.04247
1812.04155
1901.10787
2012.04063
2212.10560
2212.03533
1704.04960
2312.12273
2311.09431
2005.00646
1805.10190
2006.02631
2203.10244
2408.06646
1607.04381
2311.11094
1611.02779
2102.04906
2308.06522
2310.03533
1906.05909
1604.06174
1907.13487
2312.02240
2310.01796
1707.06347
1710.06963
2206.08916
2509.25885
2008.05000
2408.08765
2009.01884
2412.03603
2309.07864
1606.09375
2302.07867
2010.02295
1811.09828
2310.13596
1910.12507
1802.10116
2404.14294
1909.08150
1809.11096
2004.08488
1603.01354
2007.09604
2309.16292
2112.01177
1612.03928
1707.01219
2007.08663
1309.1049
1909.12486
1610.07149
2002.09344
1611.07727
2212.10403
1705.02743
1904.05342
2212.10562
1909.12408
2111.00396
1905.13319
1908.08345
2009.09736
2410.06809
2410.20290
1909.08053
1609.04747
2412.15115
1704.07130
1703.01310
1902.08153
2012.14968
2212.10773
2106.10502
1705.09055
2209.14491
2312.08361
2007.00808
1806.08730
2010.04819
2205.01917
2303.10361
1608.06902
2312.08901
1611.03530
2104.00749
2309.00267
2310.04451
1907.02392
1605.07678
1802.05957
2210.12798
2310.03589
1708.07747
1710.07535
2206.13508
2408.02373
1901.09504
2408.13296
2010.03240
2412.09428
2309.07870
1611.01224
2303.01557
2011.00597
1812.00332
2311.15569
1911.02613
1805.04923
2404.14527
1909.09272
1811.02883
2006.14195
1612.03651
2008.12432
2310.06694
2004.05150
1502.03436
1606.04671
1904.03296
1910.06188
1212.5701
2006.02464
1611.08050
2101.09465
1706.08500
1910.10683
2212.14704
1801.00829
2112.07916
1909.12892
1909.08478
1904.00962
2306.02707
2410.21333
1909.11942
1611.02635
2412.16720
1706.07179
1704.00051
1902.09113
1906.02287
2212.12017
2111.00064
1707.01875
2212.03191
2401.05391
2010.00904
1808.09588
1902.03368
2208.10442
2305.08848
1610.03950
2312.09245
1611.05397
2104.10461
2310.14458
2310.05204
1911.03584
1606.06160
1804.02516
2107.12666
2310.04408
1709.01921
1711.07459
2209.00945
2409.13903
1902.06822
2409.11703
2010.07389
2305.06355
2310.02374
1611.02247
2306.02546
1901.06706
1703.01041
2312.03606
1912.00512
1805.09682
2404.16283
1911.10967
1704.00028
2007.06281
1508.01991
2009.11564
2312.05821
2011.01819
1510.03009
1306.5151
1810.00826
2007.05832
1504.07159
2103.10360
1706.09799
1911.00359
2102.11126
1801.06601
2004.08483
1912.00582
1910.04867
1905.03960
2307.11768
2411.01855
1911.02150
1503.05671
2412.19437
1601.01705
1709.06158
1905.09418
1907.12359
2301.00234
2004.04906
1711.08513
2112.09118
2201.05596
2010.08191
1810.00278
1905.03422
2209.06794
2308.04215
1611.10176
2312.10365
1611.07476
2106.03760
2311.05596
2310.06116
1912.00042
1607.02241
1804.04786
2108.10513
2310.05736
1604.00981
1712.01670
2209.14792
2411.08341
1907.02226
2409.13527
1907.13158
2306.02858
2310.09089
1611.03071
2307.09702
1906.05743
1705.10823
2201.05867
1912.11676
1805.10032
2405.04437
1802.05365
1705.02438
2011.11369
1511.08277
2009.12765
2312.13558
2011.03803
1511.05641
1810.05997
2007.07366
1406.5212
2103.16057
1707.05501
1804.10959
2106.10689
1804.10001
2006.03274
1912.06680
1911.00536
1910.04940
2307.13702
2411.02886
1803.03635
1506.08187
2308.01320
1606.05250
1710.08893
1908.09355
1910.13084
2101.06804
2006.10141
1712.00193
2004.12276
2202.09368
1901.04085
1810.07942
1910.05280
2210.08773
2308.04623
1504.05767
2312.11805
1701.00160
2112.10752
2312.11716
2310.12541
1804.00779
1611.05402
1805.03508
2110.03608
2310.06201
1604.07316
1604.01946
2210.14395
2306.03901
1910.10699
2409.14726
1907.13286
2203.03990
2310.14151
1502.05477
2309.07062
1907.06794
1708.05344
2201.09792
1805.04687
1703.02757
2405.14366
1804.04118
1605.05396
2012.04187
1408.5882
2012.06236
2205.09743
1901.02860
1511.06067
1811.05868
2009.13062
1312.7302
2105.13231
1710.07300
1811.00937
2108.01073
1805.08166
1903.00161
1802.06070
1911.02116
1802.05799
2307.15043
2411.14698
1803.05457
1510.08560
2310.12931
1606.08415
1712.03931
1909.00100
1911.06980
2104.08786
2009.03509
1609.02907
2012.10210
2205.05198
1904.08375
1810.10147
1803.02999
2211.12402
2311.11083
1506.02004
2312.12456
1507.04888
2006.05082
2204.06745
2310.16712
1806.02919
1511.05236
1807.03748
1904.06618
2310.06839
1605.04614
1607.04683
2212.14453
2308.05374
1804.03230
2303.12296
2001.04830
2211.12112
2310.15896
1506.02438
2310.08879
1907.11692
1711.00436
2210.10163
1810.06546
1605.07146
2405.14636
1804.09626
1609.04802
1901.00596
1410.2045
1902.10482
2206.01256
1904.10509
1512.03385
1901.10008
2107.13731
1711.00937
1811.10959
2007.14937
1807.09667
1905.07799
1808.08745
1911.03898
1803.03288
2308.10149
2412.06769
1810.02340
1404.5997
2311.07911
1611.09100
1712.05474
1909.06708
1912.07902
2106.09685
2010.09885
1610.07183
1901.07042
2206.03382
1910.10687
1810.13327
1804.10745
2212.04979
2311.14030
1507.06149
2202.08587
1509.01240
2012.04265
2205.14135
2310.17630
1808.08718
1512.01274
1711.05101
1907.01011
2310.07637
1608.06037
1610.09650
2112.12182
2308.08239
1804.10069
2306.02224
1801.10288
2110.04627
2310.17956
1511.05493
2311.04887
1908.03557
1711.09846
2105.01938
1812.05752
1504.03413
2405.16178
1806.11230
1506.03365
1909.00155
1301.3781
1908.04877
2207.00112
1901.00041
2108.03353
1711.08200
1812.00420
1908.07125
1810.00859
1907.10641
1811.00720
1912.12162
1806.03377
2309.05922
2412.11664
1810.05270
1405.4980
2312.11456
1611.09268
1602.07332
1909.11556
1912.08530
2110.08207
2012.15723
1511.04599
1902.06068
2207.00032
1910.11470
1704.04368
1805.12018
2109.14084
2312.05842
1508.02096
2209.01667
1511.06422
1903.01534
2101.02388
2311.08364
1810.12575
1410.0759
1606.01847
1806.06176
2311.03213
1508.04025
1611.06440
2005.05085
2309.12815
1807.06819
2307.10575
1808.05361
1704.06761
2311.00287
1511.05952
2312.05657
1910.11559
1604.07269
2106.09178
1708.06374
1506.04681
2303.06182
1809.08875
1411.1784
1912.06095
1106.0257
1909.03193
2207.05844
2110.07814
1601.07140
1702.00820
1803.10122
1702.02181
1910.10485
1705.04146
1809.01696
1807.11205
2310.03368
2310.08582
1811.03600
1412.6651
2312.14925
1612.03969
1608.05081
1910.03771
1805.06989
2112.00114
1903.10676
1409.2329
1904.09675
2101.03961
1808.10025
1706.09254
1703.00523
2110.08484
2211.01163
1508.05051
2212.10025
1512.08065
1905.00414
2105.05956
2311.11514
1812.00231
1412.6115
1608.05442
1809.00496
2311.14332
1509.02971
1611.07151
1906.05147
2309.15817
1810.05723
2310.09021
1707.07435
1609.08675
2311.03301
1511.06342
2202.12379
1811.10582
1605.03560
2111.00801
1711.03938
1507.01845
2305.05176
1810.04805
1803.07294
1812.05944
2210.17323
2010.04295
1603.08155
1707.00143
1811.00347
1710.11573
1911.02972
1606.01540
1809.02789
1810.09868
2310.06387
2211.14275
1701.06538
1412.7419
2102.02503
1505.08075
1611.03673
1910.04732
1807.04114
2112.09332
1907.10903
1412.5567
1804.00320
2101.06840
1707.05612
1709.00103
1703.07737
2111.02358
2007.13518
1512.04906
2103.06561
1312.6034
1801.09797
2111.04120
2209.07858
1703.10889
1311.2272
1505.00853
1810.02508
2312.01454
1512.00567
1502.00873
1803.10299
2005.01643
1708.06519
2311.08105
1608.00853
2311.05112
1511.06581
2104.05573
1705.06950
1605.06394
2111.11432
1603.00831
1509.01864
2310.01889
1812.00104
1710.08347
2211.09386
2010.12844
1505.00387
1707.08052
1811.07871
1603.08983
1912.12180
1606.06031
1810.03552
1811.05233
2311.08370
2110.14168
1702.02426
1301.3584
2103.14659
1511.04834
1611.04201
1911.00172
1808.01519
2003.10286
1908.10084
1412.7584
1805.08661
1802.09941
1606.07608
1712.09943
1711.08184
1902.09506
2007.14390
1402.1128
2104.10350
1312.6120
1805.12549
2001.06099
2107.03374
1605.08803
1312.5851
1511.06434
1606.06259
2312.09571
1409.4842
1511.03575
1805.09501
2012.08630
1603.05279
2205.05131
1505.05723
2203.03540
1409.0473
2105.12655
1712.04851
1611.02167
2004.11958
1605.06409
1511.01821
2311.18677
1702.01105
1611.05546
1412.6553
1802.08802
1508.07909
1708.00712
1812.08685
1607.03250
1805.02867
1608.01413
1710.06924
1511.06297
2312.06674
2005.09814
1704.08863
1306.2119
2112.00861
1410.3916
1503.05079
1911.05507
1812.05257
1909.08593
1909.04739
1206.5267
1810.12836
1811.06965
1611.00801
1506.02075
1605.02464
1612.00837
1901.09672
1410.4615
2004.13336
1312.6199
1703.09844
2002.10957
2110.04711
1502.03167
1206.4678
1412.6632
1301.3557
2312.15223
1412.6980
1511.06530
1508.06576
1906.08253
1608.04493
2212.08073
1511.06939
2212.04088
1409.3215
2108.07732
1607.06215
1402.6028
1908.03265
1608.01230
1203.1888
2312.15234
1707.04818
1509.01626
1812.11470
1512.09300
1607.01759
1707.07328
1312.4400
1711.03953
1511.06709
1411.7923
1312.4314
2203.05227
1608.03983
1705.03551
1206.6464
2112.04359
1410.5401
1511.02570
1710.09412
1901.04978
1808.10583
1909.12201
1206.6389
1604.01753
1503.06733
1101.1232
1508.01745
1511.06421
1505.04870
1812.01097
1308.3432
1812.00564
1107.2490
1511.08458
2012.15828
1504.04909
1410.8516
1207.0580
1308.0850
1301.7373
2208.09399
1312.5602
1405.3866
1406.2199
1805.12114
1611.05128
2108.11887
1412.5068
1904.03323
1302.6613
2009.10297
1609.08144
1012.2599
1711.05458
1504.01942
1106.4574
2401.00588
1412.3555
1412.6575
