2104.08758
2103.02143
1904.09728
2101.00190
2402.04614
2401.04925
1702.00887
2501.03262
2301.12597
1801.09344
2401.01313
2302.11665
2401.13560
2301.05065
2202.12829
2201.03639
2002.05135
2401.11470
2401.03955
1902.05703
2302.00219
2301.00774
2201.05337
2501.07783
2502.06854
2102.05766
2301.00369
2001.11507
2102.03315
2103.01143
2311.03542
2301.12865
1901.01046
2302.13473
1701.07274
2301.05217
1902.08999
1901.05850
2302.05073
2101.09336
2303.08774
2101.01286
2202.06466
1801.08024
2305.08079
2003.10554
2304.13097
1906.02361
2205.08608
2503.14761
2506.14245
1602.05629
2109.10054
1508.05400
2101.10424
2507.10058
1411.7591
1705.08174
1604.04842
1703.09902
1905.06562
2306.03691
2503.08353
1601.01881
2105.02418
2103.13076
1904.11574
2102.02888
2402.10601
2402.02750
1702.07966
2501.09686
2201.11903
1802.08635
2401.08281
2303.06182
2401.13934
2302.00402
2210.00586
2201.07520
2004.05439
2401.16923
2401.06524
1903.03472
2302.09419
2302.08468
2204.02311
2503.01725
2503.15669
2104.08860
2302.12041
2003.00982
2102.10575
2012.05490
2107.01963
2303.03483
1902.07678
2205.00470
1702.08360
2303.08112
1904.05381
1903.05408
2306.04872
2001.00326
2307.03104
2101.12024
2203.13922
1802.09845
2204.11547
1701.00399
2109.14349
1907.03419
2205.09646
2304.06767
1603.02754
2005.10752
1408.6760
2106.15303
2412.13206
1412.1455
1705.10195
1507.05738
1710.08691
1905.08478
2105.04093
2103.16716
1905.07830
2103.00823
2402.16835
2402.03300
1703.00810
2501.11223
2203.03605
1803.01128
2401.11817
2303.06865
2402.03526
2302.14045
2101.01338
2204.03458
2005.01643
2401.17859
2401.15123
1904.01569
2304.02643
2203.10705
2102.01868
2503.07050
2402.03289
2104.13478
2206.04432
2003.12383
2103.07102
2012.09133
2004.00130
2303.05601
1902.10265
2208.05174
1702.08892
2303.08803
1905.08786
1905.08054
2306.10249
2008.01475
2307.07851
2102.01751
2105.06339
1703.08228
2205.02533
1702.02968
1903.06697
1909.03012
2107.00092
2310.13548
1406.1078
1806.02202
1412.6677
1906.10370
1512.04201
2105.14454
2105.14103
1905.10044
2103.13262
2403.19346
2402.18700
1703.04933
2501.12599
2204.00598
1804.11192
2301.02560
2304.11277
2402.04139
2303.02506
2102.07215
2103.10206
2005.02934
2302.13971
2402.02643
1802.02138
2305.01836
2208.07339
2102.04925
2503.08147
2403.16087
2106.07854
2212.00107
2004.06320
2103.07449
1904.05242
2005.12873
2304.13541
1903.08127
2209.09775
1703.10069
2303.10845
1906.02972
1803.04311
2306.13761
1905.11946
2203.05794
2103.17149
2109.09587
1506.06256
2210.08616
1702.04242
1508.03619
1506.01066
1906.02243
2202.03286
1409.1556
1704.00371
2106.13861
2110.02488
1905.13319
2002.05645
2404.08676
2403.17359
1703.11008
2501.12948
2205.10625
1805.04508
2302.00923
2305.05920
2402.06378
2303.03378
2103.00020
2111.02114
2006.07178
2303.04671
2402.04059
1804.03209
2305.03187
2210.01351
2103.14000
2503.10522
2404.16077
2106.11097
2103.12828
2004.07639
2104.01111
1803.08971
1901.08248
2305.13450
1903.11456
2210.02119
1704.03732
2304.14767
1801.01290
1811.07416
2308.06250
1908.09791
2211.13308
2104.03540
2004.00387
1511.02490
2211.03479
1703.08905
1312.6034
1804.09028
2203.02155
2107.02027
2111.00396
1906.08237
2004.09910
2404.17218
2404.09170
1706.02677
2401.04056
2205.10782
1806.02371
2305.10403
2305.14314
2402.08506
2303.11381
2103.02823
2111.12374
2006.07554
2303.12712
2303.18223
1806.00582
2305.13048
2210.06210
2104.07869
2402.07204
2405.06907
2106.13488
2103.17150
2005.03675
2105.05737
1804.02217
1904.02241
2306.03622
1904.00453
2106.15406
1704.04651
2306.04529
1802.04325
1703.00737
2312.07850
1811.09426
2104.04473
2104.05872
2004.12118
1511.02603
2212.01257
1606.07621
2107.08430
2112.07916
1907.06987
2004.13336
2404.18988
2404.15758
1706.08500
2402.13228
2205.11916
1807.03819
2305.11172
2309.06180
2402.10739
2303.16199
2108.12121
2111.12701
2006.08170
2304.05340
2304.04661
1806.07840
2305.15525
2210.17323
2105.05779
2406.04321
2405.17438
2107.00249
2002.04290
2005.07277
2106.06410
1805.00881
1905.08051
2306.13835
1904.03406
2108.06912
1704.06440
2309.05605
1805.00909
1703.09989
2208.07643
1812.00332
2105.11084
2105.04842
2011.02260
1407.4075
2111.08630
1608.06696
2112.00848
2001.04451
1907.10701
2006.09616
2405.00557
2404.17140
1707.03770
2403.07974
2205.12255
1807.04457
2306.04362
2309.12307
2402.12192
2304.08345
2110.04627
2111.13333
1905.03030
2304.10722
2305.11170
1808.03949
2307.00067
2211.10438
2106.08527
2407.20962
2406.11935
2107.06383
2002.07806
2006.06091
2107.13586
1806.04583
1910.05773
2308.13803
1904.06704
2110.14795
1705.05035
2310.16270
1806.02426
1705.00462
2112.04698
2112.11446
2004.02771
2011.04797
2112.02874
1511.02037
2112.04323
2002.05202
1908.04364
2006.15704
2405.15092
2405.14838
1604.03257
2405.11143
2206.07682
1808.07231
2306.11207
2309.16609
2303.06349
2304.08485
2112.10752
2112.01799
1905.06424
2305.04160
2306.05032
1810.03505
2307.03638
2212.10505
2108.07258
2409.07450
2407.02524
2107.07651
2002.10619
2006.13365
2109.01652
1808.00058
1911.11624
2309.00558
1904.09573
2111.01872
1707.02286
2201.08239
1806.02813
1707.08908
2001.08883
2001.08361
2005.10559
1909.01315
2112.10684
2004.05150
1908.04616
2006.16668
2405.18915
2406.18665
1605.04639
2406.10185
2209.14610
1809.01093
2307.06435
2310.01889
2304.07193
2304.10592
2003.02807
2112.10741
1908.06976
2308.12966
2306.13063
1810.11702
2307.16847
2212.10534
2109.01962
2409.11904
2407.04899
2108.10904
2003.01998
2006.14480
2109.05014
1809.01752
1912.12740
2310.02784
1904.10136
2002.00211
1707.06170
2211.00593
1611.00712
1708.05096
2005.05909
2006.03654
2007.08380
1810.13306
2002.08155
2004.08483
1908.08345
2007.06775
2406.09187
2407.06023
1606.04474
2406.11191
2210.03493
1704.04960
2307.09288
2310.07240
2312.00752
2304.14178
2004.13563
2002.03761
1910.00177
2309.05519
2307.05950
1811.03604
2308.04369
2109.04838
2110.05056
2409.18869
2407.07472
2109.01134
2006.03258
2007.13807
2109.09063
1809.07863
1701.03091
2202.11243
1904.12199
2002.06177
1707.06347
2211.09085
1509.02971
1709.02260
2010.09670
2007.13295
2003.01355
2006.03274
1909.08478
2009.09736
2406.10311
2407.18003
1606.06565
2406.11939
2210.11416
1705.09055
2307.16125
2310.19102
2201.09846
2305.06500
2010.11929
2008.05865
1910.04098
2309.16058
2307.12980
1811.03981
2308.07633
2005.07683
2110.07122
2410.08202
2407.19087
2001.07966
2006.08448
2008.08294
2109.12575
1810.01987
1703.10628
2202.13481
1904.12475
2004.08546
1708.02596
1911.00105
1511.05952
1710.11240
1902.06435
2009.13845
2006.04768
1909.09436
1904.00962
2406.11020
2407.21783
1608.04636
2410.21276
2211.01910
1707.01875
2308.03281
2311.09431
2203.14343
2305.11846
2101.00027
2010.02806
1910.07113
2310.01852
2308.08469
1812.00535
2201.02849
2007.13242
2110.14844
2410.13720
2409.14771
2002.06353
2006.11671
1901.09590
2112.02682
1705.05065
1607.00655
2205.10034
1905.00152
2007.03856
1708.04782
1911.13218
1412.6980
2010.07586
2009.06732
1909.10351
1905.03960
2407.16216
2408.03314
1609.04747
2411.04368
2211.10435
1710.09282
2310.11511
2311.11514
2210.09298
2305.15023
1906.03327
2012.02813
1803.02999
2310.03986
2309.02854
1812.03239
2204.05862
2008.05000
2004.03774
2410.16162
2410.08806
2003.13198
2007.00649
1902.05632
2003.02320
1707.07534
1503.07241
2210.04024
1905.03689
2007.06236
1606.01540
1912.01703
1312.6055
2010.11934
2009.14794
1909.11942
1905.12322
2408.05093
2408.07666
1609.04836
2411.15124
2211.11682
1711.08513
2312.10997
2311.18677
2102.05095
2305.15328
1907.06571
1907.13487
1804.03720
2310.06383
2310.01728
1704.04861
2205.14204
1901.09504
2007.13207
2411.02385
2410.22818
2004.00849
2010.02056
1904.07189
2005.14165
1707.08627
1508.03843
2212.08146
1905.07920
2011.10464
1606.04671
1707.05005
2012.03826
1901.02860
1910.04867
1909.08053
2408.12798
2408.09559
1611.02635
2412.03966
2211.16198
1712.00193
2312.11805
2312.08361
2104.02008
2201.12086
1909.08069
1802.05957
1806.04640
2311.04219
2310.01796
1704.05021
2206.02909
1902.06822
2009.01715
2411.05679
2411.15100
2004.06165
2012.08405
1910.03088
2006.10713
1708.01664
1408.2041
2109.01611
1905.07948
2012.01973
1610.03518
1712.06139
2012.12627
1902.09113
1910.13461
1910.04940
2410.02884
2408.13457
1611.03530
2412.10400
2212.10560
1606.07947
2312.12273
2312.12456
2001.04193
2203.10244
1909.09577
1804.02516
1810.03548
2311.05437
2310.03533
1708.07747
2206.08916
1907.02226
2009.01884
2411.07539
2412.12163
2007.02375
1901.03707
1910.10045
2007.09604
1708.05869
1409.3288
2109.11067
1906.02360
1808.04866
1611.00625
1408.5093
2012.14610
1903.00161
1911.00536
1911.02150
2410.06304
2408.17017
1502.03167
2412.15115
2212.10773
1609.02907
2209.14491
2312.15234
2004.08955
2205.01917
1910.10683
1804.04786
1810.05017
2312.02240
2310.03589
1709.01921
2206.13508
1910.01108
2010.03240
2412.03603
2302.07867
2010.02295
1901.09844
1910.12507
2008.12432
1711.00214
1309.1049
2002.09344
1906.09434
1612.03801
1903.01363
1904.10509
1911.02116
1802.05799
2306.02707
2409.01281
1503.05671
2412.16720
2212.12017
1610.07183
2212.03191
2401.00588
2006.02631
2208.10442
1912.12115
1805.03508
1811.06407
2210.12798
2310.04408
1602.07261
2209.00945
1910.10699
2010.07389
2412.09428
2303.01557
2011.00597
1902.01046
1911.02613
2009.11564
1611.01704
2006.02464
1906.09490
1509.03044
1904.05342
1905.07799
1911.03898
1803.03288
2307.11768
2410.13284
1506.08187
2412.19437
2301.00234
1612.01543
2112.09118
2201.05596
2010.04819
2209.06794
1803.02021
1807.03748
1812.02159
2107.12666
2310.05736
1602.07360
2209.14792
1803.03635
1907.13158
2305.06355
2306.02546
1901.06706
1905.09979
1912.00512
2009.12765
1504.07021
2007.05832
1907.02395
1512.07679
1911.00359
1907.10641
1912.12162
1806.03377
2307.13702
2410.20290
1509.01240
2308.01320
2101.06804
1510.00149
2004.12276
2202.09368
1902.03368
2210.08773
1812.00564
1809.11096
1703.00837
2108.10513
2310.06201
1604.00981
2210.14395
1804.03230
1907.13286
2306.02858
2307.09702
1906.05743
1906.00554
1912.11676
2012.06236
1509.08346
2007.07366
1810.03961
1804.10959
1910.10485
1803.05457
1807.11205
2307.15043
2410.21333
1510.08560
2310.12931
2104.08786
1511.04599
2012.10210
2205.05198
1905.03422
2211.12402
1701.05923
1711.05101
1706.09529
2110.03608
2310.06839
1604.07316
2212.14453
1804.10069
2001.04830
2203.03990
2309.07062
1907.06794
1907.11294
1805.04687
1902.10482
2009.13062
1810.05667
1811.00937
1911.02972
1809.01696
1810.09868
2308.10149
2411.01855
1511.06422
2311.07911
2106.09685
1405.3866
1901.07042
2206.03382
1910.05280
2212.04979
1706.03762
1606.01847
1707.09835
1904.06618
2310.07637
1605.04614
2112.12182
1807.06819
1801.10288
2211.12112
2310.08879
1907.11692
1908.06287
1810.06546
1908.04877
1901.10008
1810.06934
1811.10959
1911.05507
1809.02789
1811.05233
2309.05922
2310.05694
1404.5997
2312.11456
2110.08207
1409.2329
1902.06068
2207.00032
1804.10745
2109.14084
1602.04105
1608.05442
1711.09846
1907.01011
2311.03213
1608.06037
2005.05085
1810.05723
1808.05361
1704.06761
2311.04887
1908.03557
1908.06845
1812.05752
1909.03193
1901.00041
1812.00420
1912.12180
1810.03552
1701.06538
2310.03368
2310.08582
1405.4980
2312.14925
2112.00114
1412.5567
1904.09675
2101.03961
1805.12018
2110.08484
1610.03295
1505.00853
1606.01885
1806.06176
2311.14332
1508.04025
1906.05147
1708.06519
1810.04805
1609.08675
2312.05657
1910.11559
1701.01887
1708.06374
1812.05944
1702.00820
1805.02867
1710.06924
1710.03740
2310.06387
2211.14275
1412.6651
2212.08073
2112.09332
1412.6550
1804.00320
2101.06840
1703.00523
2111.02358
1506.00019
1511.06434
1611.02779
1809.00496
2312.01454
1512.00567
1803.10299
1603.05279
1707.07435
2202.12379
1811.10582
1709.02023
1711.03938
1710.08347
1707.00143
1705.03551
1409.0473
1604.06174
2311.08370
2107.03374
1412.7419
2102.02503
2003.10286
1412.7584
1804.09626
1910.02054
1703.07737
1902.09506
1506.06724
1411.1784
1611.05397
1810.02508
2312.09571
1512.01274
1805.09501
1608.04493
1608.00853
2104.05573
1705.06950
1710.06963
1603.00831
1611.05546
1707.08052
1711.03953
1411.7923
1511.06297
2312.06674
2110.14168
1301.3584
2103.14659
1909.08593
1312.6199
1805.08661
1802.09941
1711.08184
1802.08218
1405.0312
1412.6632
1611.05763
1606.06259
2312.15223
1512.03385
1710.09412
1611.05128
1505.05723
2105.12655
1712.04851
1712.01887
1605.06409
1612.03651
1708.00712
1606.06031
1306.5151
1308.3432
2203.05227
2005.09814
1306.2119
2112.00861
1808.10583
1206.5267
1810.12836
1811.06965
1605.02464
1612.00837
1206.5538
1301.3781
1509.01149
1301.3557
2208.09399
1409.4842
1508.06576
1611.05377
1511.06939
2108.07732
1607.06215
1610.05492
1608.01230
1509.01626
1607.01759
1412.3555
1212.0402
1312.4314
1806.03822
1608.03983
1206.6464
2112.04359
1711.06475
1206.6389
1604.01753
1503.06733
1511.06421
1505.04870
1111.1666
1308.0850
1410.5401
1301.7373
2210.03629
1312.5602
1406.2199
1511.06067
1412.5068
2009.10297
1609.08144
1409.2574
1504.01942
1412.6575
