2502.20988
2502.06963
2501.00856
2308.02759
2605.23989
2601.02045
2605.00951
2509.16679
2508.09834
2504.14117
2509.10697
2502.08826
2503.06963
2509.03871
2510.21131
2501.07451
2503.09956
2504.03653
2505.15116
2505.18458
2504.19720
2507.16731
2503.23037
2502.12908
2503.06027
2510.00078
2507.22101
2509.08822
2502.15816
2508.18803
2502.08836
2505.01542
2107.03844
2111.00978
2410.20238
2401.00625
2409.07825
2412.18619
2405.19334
2401.05632
2405.04404
2402.12001
2401.15607
2407.20018
2408.04116
2402.01799
2407.12391
2402.05964
2411.17429
2404.16484
2401.02456
2411.18279
2406.01102
2409.15316
2306.13549
2312.03863
2305.11537
2310.17944
2311.13587
2304.10891
2209.05080
2206.06488
2207.12515
2210.10309
2210.12324
2202.09061
2204.05042
2211.03705
2210.08119
2202.07105
2109.12843
2107.13411
2112.10006
2106.08545
2112.00588
2109.06493
2105.12378
2108.06626
2106.10154
2101.07906
2010.00711
2006.01423
2008.05221
1908.00080
1911.04794
1911.05609
1812.04692
1801.04405
2505.07911
2512.18067
2511.13122
1709.07604
1706.07098
1710.09282
1709.00698
1606.04434
2310.04699
1511.04376
1410.1648
1105.4261
2209.14058
2507.12472
2503.16419
2506.14634
2503.21254
2505.24758
2507.00421
2507.17128
2507.09702
2502.11069
2501.13443
2404.07214
2401.10034
2405.18653
2404.15349
2410.05352
2412.14193
2403.09445
2402.03480
2404.06043
2404.15670
2407.18921
2401.03568
2004.02951
2308.09341
2306.00380
2310.14021
2311.06728
2306.12532
2306.14402
2307.10897
1908.10920
2201.10709
2210.02884
2209.09239
2202.07412
2109.04584
2105.01798
2106.13591
2112.12921
2103.11616
2003.05290
2005.04094
2012.10472
1609.05510
1902.03305
1801.01704
1803.02442
1811.10120
1711.04101
1703.08098
1710.01476
1503.07297
1409.1484
1409.7628
1306.2356
cs/0205059
2601.16484
2604.10841
2602.00426
2502.07598
2410.23670
2407.15320
2306.04779
2302.10203
2309.17255
2209.15367
2201.11649
2107.06641
2112.06409
2001.02003
2003.12172
1903.04601
1912.03715
1911.00623
1905.10083
1809.01328
1802.01657
1808.02462
1604.06816
1611.02145
1609.01893
2605.19537
2507.16315
2508.12475
2412.02194
2407.12036
2307.10652
2306.04343
2202.03005
2004.10130
1911.01248
1912.05686
1904.05760
1910.09017
1801.04486
1609.06000
1406.1690
0809.1896
cs/0610028
