2601.02317
2401.15756
2308.02759
2601.02045
2509.11289
2509.16679
2508.09834
2504.14117
2502.08826
2509.03871
2505.18458
2504.19720
2502.12908
2409.07825
2405.04404
2407.20018
2408.04116
2402.01799
2306.13549
2305.11537
2311.13587
2207.12515
2202.09061
2210.08119
2109.12843
2112.10006
2112.00588
2010.00711
1907.04789
1801.04405
2505.07911
1705.05172
1708.05866
2407.10981
1606.04434
2305.16772
1501.02869
1511.04376
1105.4261
2511.05877
2507.12472
2503.16419
2506.14634
2503.21254
2505.24758
2104.01283
2404.07214
2404.15349
2403.09445
2402.03480
2009.09011
2306.00380
2202.11493
2203.08426
2210.02884
2202.07412
1802.05113
2104.09204
2105.01798
2106.13591
2004.14559
2001.04561
2003.05290
1609.05510
2305.15730
2301.08028
1908.09381
1801.01704
1711.04101
1703.08098
1406.2311
1409.1484
cs/0205059
2412.14538
2602.00426
2505.09953
2407.01543
2410.23670
2306.04779
2107.06641
2001.02003
1809.01328
1611.02145
1609.01893
0705.1817
2507.16315
2303.01723
2307.10652
2107.03032
2008.11959
1912.05744
1911.01248
1912.05686
1904.05760
1910.09017
1804.07643
1406.1690
1205.1701
0809.1896
cs/0610028
