0704.3764
0707.2882
0708.0115
1004.1875
0707.0839
0706.0897
0704.1090
0901.2686
0912.0201
1208.5931
1311.1456
0805.2366
2005.12925
1303.5681
0811.1479
1008.3859
0902.3213
0705.2519
0803.4089
0711.3996
1109.2497
0707.0875
0710.5312
0710.5269
1106.4772
1611.00036
1311.5864
1504.08347
0901.3553
2018.00461
1311.4869
0709.1915
0902.3978
0806.0964
1212.1558
0802.4335
0803.3762
0711.2187
1110.1939
1611.00037
1401.2046
1708.06878
0902.2395
2311.01269
0709.2589
0906.4123
0809.2144
1402.1354
0812.2917
0911.1955
0802.1634
1112.1950
1807.06209
1412.5106
1709.00189
0710.2335
0910.1452
0902.0658
1402.7086
0901.1661
1110.4335
0802.2523
1201.2648
1811.09565
1503.02641
1801.03672
0711.2420
1104.2932
1009.5579
1510.01778
0902.3070
1204.2510
0805.0413
1202.3983
1903.03158
1505.04866
0802.4047
1104.2933
1012.1783
1510.02094
0905.4720
1404.0680
0808.2551
1202.5805
1910.13970
1505.07259
0803.0915
1104.2934
1101.2149
1708.05392
0906.0777
1405.7654
0810.4677
1204.6551
2005.02465
1506.08788
0805.1428
1104.2935
1104.2714
1801.02341
0907.4303
1406.1759
0812.3388
1205.7024
2007.04656
1507.01000
0811.2069
1106.3366
1104.3965
1803.06149
0909.4133
1512.02205
0901.2644
1206.1604
2007.08994
0902.0573
1108.4712
1105.0901
1803.06150
0910.1785
1605.01620
0901.3775
1206.1627
2007.08997
0906.0096
1205.3421
1110.2340
1804.01532
1002.1555
1605.09383
0903.0631
1206.3117
2007.08998
0906.1366
1210.7183
1110.6769
1806.01695
1005.3613
1606.06986
0903.4938
1207.0478
2007.09008
0906.3003
1212.5226
1204.6531
1806.11567
1009.5243
1609.04111
0904.2835
1207.5065
2007.09009
0907.0700
1305.7457
1207.4290
1905.08804
1012.4558
1706.01705
0905.1514
1207.5234
2007.09011
0907.0874
1312.2670
1210.3225
1908.02513
1102.5628
1706.03391
0905.2502
1208.4853
0907.4745
1401.1959
1302.1509
1908.02742
1103.0576
1706.09850
0905.3298
1209.0776
0909.2867
1410.2896
1402.1407
1999.02379
1105.3794
1712.01153
0905.3532
1209.2235
0911.3535
1502.01597
1402.2563
2001.04891
1105.6216
1805.04163
0906.1789
1209.3058
0911.5041
1503.01116
1408.1545
2002.05756
1107.4760
1810.00505
0906.3341
1209.3368
0912.3517
1504.06656
1502.04830
2006.04121
1110.2865
1810.06703
0906.5135
0912.3692
1509.06371
1503.07963
2008.10442
1110.3486
1811.05487
0909.2776
1002.2689
1511.07978
1504.05820
2009.15782
1201.6641
1812.05605
0912.5304
1004.5098
1511.08195
1506.08533
2010.10594
1206.0819
1902.05508
1002.3478
1005.3306
1512.07142
1509.08694
2010.14213
1206.6043
1905.11290
1003.5751
