0704.0737
0704.1090
0704.1152
0704.3426
0704.3764
0704.3800
0705.0077
0705.0240
0705.2519
0705.3460
0706.0897
0706.3903
0707.0839
0707.0875
0707.0888
0707.1982
0707.2848
0707.2882
0708.0115
0708.2865
0708.4285
0708.4321
0708.4414
0709.1170
0709.1915
0709.2589
0709.2666
0710.1812
0710.2335
0710.2951
0710.4560
0710.5172
0710.5269
0710.5312
0711.0747
0711.2187
0711.2420
0711.3996
0712.1008
0712.1260
0712.3779
0801.3295
0802.0398
0802.1207
0802.1634
0802.1724
0802.1997
0802.2523
0802.3218
0802.3379
0802.4047
0802.4335
0803.0547
0803.0915
0803.3085
0803.3762
0803.4089
0804.1248
0804.3139
0804.3961
0805.0413
0805.0449
0805.1428
0805.2366
0805.3540
0805.4016
0806.0336
0806.0617
0806.0964
0806.1245
0806.2662
0806.2681
0807.0996
0807.2181
0807.3769
0808.0691
0808.0706
0808.0746
0808.2551
0808.2811
0808.3489
0808.3936
0809.2144
0809.2982
0809.4944
0810.4677
0811.0814
0811.1479
0811.1503
0811.1993
0811.2069
0811.3919
0812.2917
0812.3388
0812.3886
0901.1661
0901.2644
0901.2686
0901.3553
0901.3775
0901.3946
0901.4349
0902.0573
0902.0658
0902.2395
0902.3070
0902.3213
0902.3978
0903.0631
0903.4938
0904.2835
0905.1514
0905.2502
0905.3298
0905.3532
0905.4557
0905.4669
0905.4720
0906.0096
0906.0530
0906.0777
0906.1366
0906.1789
0906.3003
0906.3341
0906.3711
0906.4123
0906.4517
0906.5135
0907.0700
0907.0711
0907.0874
0907.2916
0907.3728
0907.3831
0907.4303
0907.4745
0908.3599
0909.2776
0909.2866
0909.2867
0909.4133
0910.1452
0910.1785
0910.2710
0911.1345
0911.1955
0911.3535
0911.5041
0911.5516
0912.0201
0912.3517
0912.3527
0912.3692
0912.4268
0912.5304
1001.3125
1001.4538
1001.5028
1002.1555
1002.2689
1002.3478
1003.1536
1003.5751
1004.1875
1004.3691
1004.4352
1004.4794
1004.5098
1005.3306
1005.3613
1005.4410
1005.4655
1005.4840
1005.5076
1006.0431
1006.2801
1006.3202
1007.2498
1007.3204
1008.1250
1008.1460
1008.3859
1009.0521
1009.4919
1009.5243
1009.5579
1010.0941
1010.3481
1010.4608
1010.4743
1010.5295
1011.2062
1011.4801
1012.0908
1012.1783
1012.2272
1012.2879
1012.4558
1012.4566
1101.0822
1101.1077
1101.1673
1101.2022
1101.2149
1102.1364
1102.5628
1103.0262
1103.0576
1103.2124
1103.2578
1103.2704
1104.0105
1104.2714
1104.2932
1104.2933
1104.2934
1104.2935
1104.3965
1104.4349
1105.0705
1105.0901
1105.1051
1105.2273
1105.3794
1105.6076
1105.6216
1106.0172
1106.1021
1106.1616
1106.2153
1106.3366
1106.4349
1106.4772
1106.5234
1107.0669
1107.1267
1107.2904
1107.4760
1108.0984
1108.4712
1108.5198
1109.0122
1109.2259
1109.2497
1109.2662
1109.3402
1109.3507
1109.5128
1110.0467
1110.0681
1110.1917
1110.1939
1110.2340
1110.2865
1110.3486
1110.3759
1110.3764
1110.4335
1110.4366
1110.4862
1110.6769
1111.2165
1111.6607
1111.6630
1112.1950
1112.2840
1112.3337
1112.4335
1112.4982
1201.1423
1201.2648
1201.6641
1202.0790
1202.3565
1202.3903
1202.3983
1202.5805
1203.4286
1203.4352
1204.2510
1204.6531
1204.6551
1205.1003
1205.1384
1205.3403
1205.3421
1205.7006
1205.7024
1206.0819
1206.1604
1206.1627
1206.3053
1206.3117
1206.4596
1206.6043
1207.0478
1207.3088
1207.3166
1207.4290
1207.5065
1207.5234
1208.3582
1208.4160
1208.4853
1208.5931
1209.0776
1209.2235
1209.3058
1209.3368
1210.3225
1210.3402
1210.5081
1210.7183
1212.1558
1212.4357
1212.4810
1212.5226
1212.6345
1301.1123
1302.1509
1302.4499
1302.4732
1303.1528
1303.5681
1303.6298
1304.2052
1304.6875
1305.2184
1305.5674
1305.7457
1306.5820
1306.6747
1307.3536
1307.3554
1307.8338
1308.3271
1309.3885
1309.5001
1309.5153
1310.0803
1310.5381
1310.7436
1310.8288
1310.8358
1311.0420
1311.0872
1311.1456
1311.2544
1311.3752
1311.4869
1311.5508
1311.5864
1311.6509
1312.2670
1312.3641
1401.1959
1401.2046
1402.1354
1402.1407
1402.2563
1402.5156
1402.6244
1402.7086
1403.0238
1403.5672
1403.5760
1403.6243
1403.7546
1403.7823
1404.0680
1404.6798
1404.7512
1405.1121
1405.7654
1406.0401
1406.1759
1406.4556
1406.4890
1406.6913
1406.7587
1407.6983
1408.0292
1408.0740
1408.1545
1408.1810
1408.3789
1408.3978
1409.6933
1410.2896
1410.5882
1410.6618
1410.7392
1410.7832
1410.8866
1411.0180
1411.4547
1411.7141
1412.0789
1412.4553
1412.5106
1501.00127
1501.0051
1501.00918
1501.02970
1502.01597
1502.03176
1502.03725
1502.04830
1503.01116
1503.01278
1503.02414
1503.02641
1503.03240
1503.05405
1503.06998
1503.07365
1503.07366
1503.07735
1503.07963
1504.01764
1504.02506
1504.03692
1504.05820
1504.06606
1504.06656
1504.07917
1504.08347
1505.02482
1505.04447
1505.04866
1505.07259
1505.07670
1506.06050
1506.07225
1506.08533
1506.08788
1507.00119
1507.01000
1508.02062
1508.07250
1508.07253
1509.02171
1509.06209
1509.06371
1509.06975
1509.08694
1510.01778
1510.02094
1510.03595
1510.06675
1510.07515
1510.07633
1510.09170
1511.01827
1511.01905
1511.02867
1511.03858
1511.05581
1511.06137
1511.06434
1511.07978
1511.08195
1511.08566
1512.02205
1512.02248
1512.02639
1512.06239
1512.06436
1512.07129
1512.07142
1512.08194
1512.08592
1601.01283
1601.03407
1601.03593
1601.06083
1601.07512
1602.00599
1602.01322
1602.03837
1602.03841
1602.04203
1602.05764
1603.01286
1603.02090
1603.02698
1603.08299
1604.01167
1605.00683
1605.00956
1605.01475
1605.01620
1605.05775
1605.07235
1605.09383
1606.03035
1606.04549
1606.04855
1606.04886
1606.05552
1606.06731
1606.06986
1606.08895
1607.03155
1607.03506
1607.03593
1607.05661
1607.07539
1607.08697
1608.01618
1608.01907
1608.02582
1608.05719
1608.06187
1609.00354
1609.03118
1609.04111
1609.05933
1609.06362
1610.00745
1610.03569
1610.04742
1610.05370
1610.06155
1610.09381
1611.00036
1611.00037
1611.01617
1611.03703
1611.05756
1611.05985
1611.08475
1611.09311
1611.09347
1611.09855
1612.02029
1612.04255
1612.04829
1612.07097
1612.08327
1612.08538
1701.00550
1701.00924
1701.01116
1701.03797
1701.06318
1701.08172
1702.00418
1702.02053
1702.02169
1702.02375
1702.02383
1702.03776
1702.04568
1702.04782
1703.05087
1703.06814
1703.08168
1703.10180
1704.01114
1704.01538
1704.03467
1704.03472
1704.04079
1704.07886
1704.08651
1705.01710
1705.06381
1705.07021
1705.07089
1705.07098
1705.08071
1706.01705
1706.02969
1706.03391
1706.09359
1706.09850
1707.04966
1707.08426
1707.09289
1707.09322
1708.01530
1708.01538
1708.01839
1708.05392
1708.05841
1708.06878
1708.07716
1708.09390
1709.00189
1709.02007
1709.02754
1709.03986
1709.04028
1709.06016
1710.00845
1710.01191
1710.05417
1710.05832
1710.05950
1710.05968
1710.08153
1712.01153
1712.03107
1712.07345
1712.10015
1801.01450
1801.02341
1801.03062
1801.03672
1801.09636
1801.09972
1802.01771
1802.05571
1803.01164
1803.05065
1803.06149
1803.06150
1803.09204
1804.01532
1804.02102
1804.07261
1805.04163
1805.07901
1805.08252
1805.09900
1805.11579
1805.11581
1805.12130
1806.01695
1806.02780
1806.02801
1806.02906
1806.03069
1806.03203
1806.05195
1806.05952
1806.06438
1806.10608
1806.10931
1806.11567
1807.02518
1807.04677
1807.06205
1807.06209
1807.08016
1807.08892
1807.11213
1808.05672
1808.05724
1808.10567
1809.02408
1809.04752
1809.04854
1809.06863
1809.06883
1809.07571
1809.09615
1810.00505
1810.01094
1810.05757
1810.06297
1810.06549
1810.06703
1810.08228
1810.11245
1811.00031
1811.02376
1811.03234
1811.04083
1811.04573
1811.05487
1811.07261
1811.08693
1811.09565
1812.05605
1901.03885
1901.05493
1901.06992
1901.11241
1902.00377
1902.05508
1902.11157
1903.01144
1903.03158
1903.04865
1903.05834
1903.07603
1904.03318
1904.03400
1904.03430
1904.04977
1904.05683
1904.06463
1904.06759
1904.07012
1904.11468
1904.13082
1905.00817
1905.00818
1905.08103
1905.08804
1905.10659
1905.11290
1906.01214
1906.05542
1906.09262
1906.10233
1906.11418
1907.00261
1907.02532
1907.02625
1907.03658
1907.04473
1907.04869
1907.05922
1907.06699
1907.07569
1907.07953
1907.10625
1907.10946
1907.12875
1908.01391
1908.01803
1908.02513
1908.02742
1908.04281
1908.08355
1908.09438
1908.09852
1909.01346
1909.06272
1909.11094
1910.04146
1910.04688
1910.07961
1910.09853
1910.10552
1910.12784
1910.13388
1910.13970
1911.04504
1911.11760
1912.04024
1912.05499
1912.06710
1912.08751
1912.09045
1912.09378
1912.11727
1912.12022
1985.13232
1998.01840
1999.00876
1999.02379
1999.02703
2001.02451
2001.04385
2001.04466
2001.04891
2001.07348
2002.02987
2002.03005
2002.05011
2002.05756
2002.06127
2002.07182
2002.07829
2003.02208
2003.06140
2003.06540
2003.07112
2004.08363
2004.12969
2005.02465
2005.03796
2005.05028
2005.05215
2005.05290
2005.07047
2005.08710
2005.11303
2005.12587
2005.12925
2006.00244
2006.01366
2006.01927
2006.04121
2006.05037
2006.06686
2006.07333
2006.10427
2006.11237
2007.02471
2007.04656
2007.06684
2007.08873
2007.08991
2007.08994
2007.08997
2007.08998
2007.09008
2007.09009
2007.09011
2007.11738
2007.14792
2007.14993
2007.16153
2008.00974
2008.01074
2008.05061
2008.06588
2008.09696
2008.10237
2008.10442
2008.11284
2008.13249
2008.13498
2009.00546
2009.00591
2009.00847
2009.01904
2009.04701
2009.10268
2009.14451
2009.15782
2010.02133
2010.04454
2010.09261
2010.10594
2010.13797
2010.14169
2010.14213
2010.16276
2010.16281
2010.17442
2011.01685
2011.02858
2011.14431
2011.18361
2011.18613
2011.19140
2011.19250
2012.01243
2012.01400
2012.01829
2012.02083
2012.02726
2012.03948
2012.04552
2012.07494
2012.07704
2012.09737
2012.10610
2012.11123
2012.11602
2012.20657
2012.20916
2012.21473
2013.00513
2014.00036
2017.00055
2018.00461
2019.00007
2019.00012
2019.00047
2019.00064
2020.00006
2020.00009
2020.00379
2021.00037
2101.00530
2101.08571
2101.10437
2101.10470
2102.00594
2102.03371
2102.11101
2103.01183
2103.09181
2103.13130
2104.03455
2104.04688
2104.06749
2104.08250
2104.10704
2105.01101
2105.03471
2105.07103
2105.08533
2105.09790
2105.10421
2105.12745
2105.13544
2105.14410
2106.00493
2106.01081
2106.01558
2106.02963
2106.03848
2106.08841
2106.09445
2106.10849
2106.13290
2107.00413
2107.02275
2107.09104
2107.10721
2107.13354
2107.14129
2107.14314
2108.10198
2108.11805
2109.02900
2109.09579
2110.01338
2110.11889
2110.12869
2110.13168
2110.15737
2111.00797
2111.01268
2111.01461
2111.01475
2111.04870
2111.07766
2111.08776
2111.14870
2112.03863
2112.04510
2112.10641
2112.14621
2112.15413
2112.15558
2201.09306
2201.10058
2202.01202
2202.01500
2202.03906
2202.04077
2202.07684
2203.08093
2203.09528
2203.09595
2203.09759
2203.09818
2203.09821
2203.09930
2203.09991
2203.10066
2203.10068
2203.10076
2203.11963
2204.02396
2204.06139
2204.12971
2205.04100
2205.08643
2206.01219
2207.00322
2207.05760
2207.06077
2207.08600
2207.13002
2208.01902
2208.03201
2208.05929
2208.07390
2208.08451
2208.10352
2209.06672
2209.06784
2210.07252
2210.13314
2211.05468
2211.13318
2211.15852
2211.16083
2211.16239
2212.04236
2212.04290
2212.07711
2301.03825
2301.05505
2301.05706
2302.10509
2302.12911
2304.12782
2305.09093
2305.11396
2305.11784
2305.16952
2306.06169
2306.14740
2307.05230
2307.05600
2307.05836
2307.12163
2307.12763
