0704.0737
0704.1090
0704.1152
0704.3426
0704.3800
0705.0240
0705.3460
0706.1057
0706.3903
0707.0888
0707.1088
0707.1982
0707.2848
0707.2882
0708.2865
0708.4285
0708.4321
0708.4414
0709.1170
0709.1680
0709.2666
0710.1812
0710.2951
0710.4560
0710.5172
0710.5269
0711.0747
0711.2187
0712.1260
0712.1429
0712.3779
0801.3295
0802.0398
0802.1634
0802.2523
0802.3218
0802.3379
0802.3389
0803.3085
0803.4089
0804.1098
0804.1248
0804.3139
0804.3961
0805.0413
0805.0449
0806.0336
0806.1245
0806.3929
0807.0996
0807.2181
0808.0691
0808.0706
0808.0746
0808.2551
0808.2811
0808.3936
0809.2022
0809.2982
0809.4556
0809.4944
0810.4677
0811.0814
0811.1503
0811.1993
0811.3919
0812.3388
0812.3886
0901.2644
0901.3775
0902.3978
0903.0631
0903.4938
0904.2835
0904.4454
0905.1514
0905.2502
0905.3298
0905.3532
0905.4557
0906.0530
0906.0569
0906.1789
0906.3341
0906.3711
0906.4123
0906.4517
0906.4767
0906.5135
0907.0711
0907.2916
0909.2776
0909.2866
0910.1452
0910.2710
0911.1345
0911.5516
0912.0162
0912.3142
0912.3527
0912.4268
0912.5304
1001.3125
1001.3292
1001.4538
1001.5028
1002.3478
1003.2857
1003.5593
1003.5751
1004.3691
1004.4794
1005.4410
1005.4655
1005.4840
1005.5076
1006.2801
1006.3202
1007.2498
1007.3204
1008.1250
1009.2157
1009.2445
1009.4475
1009.5953
1010.0941
1010.4743
1011.2062
1011.2381
1011.3040
1011.4801
1012.2272
1101.0822
1101.2022
1103.2124
1103.4967
1104.2932
1104.2933
1104.2934
1104.2935
1104.4349
1105.6030
1106.0172
1106.2153
1106.3366
1108.1147
1108.4712
1109.4688
1110.0646
1111.3535
1111.5193
1112.0994
1112.1899
1201.4151
1202.3305
1204.0211
1204.5772
1205.2019
1205.3140
1205.3421
1205.5431
1205.6166
1206.5765
1207.4657
1208.1242
1209.1609
1210.3960
1210.6869
1210.7183
1210.8138
1212.2204
1212.4773
1212.5226
1303.3576
1303.4636
1305.7457
1307.6382
1309.6896
1310.4795
1310.7786
1311.1238
1311.1297
1311.1798
1312.2670
1401.1959
1403.6746
1410.2896
1502.01597
1503.01116
1504.06656
1509.06371
1511.07978
1511.08195
1512.07142
1602.05764
1603.08299
1605.01475
1607.03155
1607.03506
1702.00418
1702.02169
1703.10180
1704.03467
1704.03472
1706.09359
1707.09322
1708.01530
1708.01538
1708.07716
1710.00845
1710.05968
1712.03107
1712.10015
1801.03062
1802.05571
1803.09204
1804.07261
1805.08252
1805.09900
1806.10608
1807.06205
1807.06209
1808.05724
1809.04854
1809.06883
1811.02376
1811.03234
1811.04083
1903.04865
1903.07603
1904.03318
1904.03400
1904.03430
1905.08103
1906.09262
1907.04869
1907.05922
1907.07569
1907.07953
1907.10625
1907.10946
1907.12875
1908.01391
1908.04281
1909.11094
1910.09853
1911.11760
1912.08751
2001.02451
2002.06127
2002.07829
2003.06540
2003.07112
2004.08363
2005.05290
2005.12587
2006.00244
2006.05037
2006.06686
2006.10427
2007.08873
2007.08991
2007.11738
2007.16153
2008.10237
2008.11284
2008.13498
2009.01904
2009.10268
2010.16276
2011.02858
2011.18361
2011.19250
2012.07494
2012.21473
2019.00047
2103.01183
2105.07103
2105.09790
2105.10421
2105.13544
2106.02963
2106.13290
2107.14129
2110.01338
2110.13168
2111.01268
2112.03863
2112.04510
2112.10641
2201.09306
2202.01202
2202.03906
2202.04077
2203.08093
2203.11963
2204.02396
2208.05929
2208.10352
2302.10509
2302.12911
2305.11396
2307.05600
2307.12763
2309.03434
2310.07482
2312.04003
2401.02929
2404.00744
2404.03000
2404.03002
2404.08056
2405.03933
2405.04216
2405.06618
2405.10604
2406.00634
2407.06586
2407.17252
2408.17318
2410.05875
2410.17182
2411.12022
2503.04602
2503.14738
2503.14743
2503.19441
2505.10410
2506.11758
2506.15091
2506.21010
2506.21295
2506.21542
2507.13989
2508.00621
2508.13740
2509.12335
2512.10763
2603.14740
