0704.0212
0704.0737
0704.1090
0704.1152
0704.1845
0704.3426
0704.3800
0705.0240
0705.1080
0705.1158
0705.1688
0705.2656
0705.3070
0705.3265
0705.3460
0705.3701
0705.4139
0705.4397
0706.0033
0706.1057
0706.1146
0706.2041
0706.2151
0706.3903
0707.0535
0707.0888
0707.1088
0707.1941
0707.1982
0707.2153
0707.2390
0707.2848
0707.2882
0707.4181
0707.4679
0708.0723
0708.0924
0708.2783
0708.2865
0708.2889
0708.4231
0708.4285
0708.4321
0708.4414
0709.0732
0709.0770
0709.0982
0709.1170
0709.1621
0709.1680
0709.1950
0709.2044
0709.2129
0709.2365
0709.2535
0709.2666
0709.3120
0710.1738
0710.1812
0710.2951
0710.3565
0710.3755
0710.4560
0710.4964
0710.5073
0710.5172
0710.5269
0711.0747
0711.2072
0711.2187
0711.3180
0711.4264
0711.4602
0712.1100
0712.1260
0712.1394
0712.1429
0712.1820
0712.2477
0712.2821
0712.3457
0712.3779
0712.4017
0801.0553
0801.1085
0801.1547
0801.2692
0801.2907
0801.3295
0801.3324
0801.4103
0802.0398
0802.1557
0802.1634
0802.2523
0802.3218
0802.3379
0802.3389
0802.3688
0802.4138
0802.4379
0803.0181
0803.0547
0803.0982
0803.1401
0803.2613
0803.3085
0803.3659
0803.3775
0803.4089
0803.4106
0803.4446
0804.0672
0804.1055
0804.1098
0804.1248
0804.1293
0804.1585
0804.3139
0804.3961
0804.4142
0805.0413
0805.0449
0805.0974
0805.1726
0805.2670
0806.0336
0806.0669
0806.1245
0806.2755
0806.3018
0806.3497
0806.3929
0806.4710
0807.0160
0807.0712
0807.0996
0807.1101
0807.1145
0807.1326
0807.2181
0807.3325
0807.3551
0807.3577
0807.3988
0808.0009
0808.0691
0808.0706
0808.0714
0808.0746
0808.0819
0808.1161
0808.1921
0808.2551
0808.2811
0808.3936
0809.0631
0809.0695
0809.0865
0809.0898
0809.0907
0809.0927
0809.1183
0809.2022
0809.2982
0809.3314
0809.3395
0809.3734
0809.4041
0809.4556
0809.4606
0809.4646
0809.4944
0810.0104
0810.0162
0810.0189
0810.0208
0810.0269
0810.1903
0810.2405
0810.4484
0810.4677
0811.0814
0811.0981
0811.1478
0811.1503
0811.1572
0811.1993
0811.2004
0811.2197
0811.2217
0811.2364
0811.3919
0811.3934
0811.4424
0812.1117
0812.1205
0812.1981
0812.2872
0812.3388
0812.3886
0812.4287
0901.0265
0901.0632
0901.0933
0901.1219
0901.1303
0901.2262
0901.2644
0901.2750
0901.3775
0901.4804
0902.0145
0902.0159
0902.0615
0902.1006
0902.1529
0902.2833
0902.2941
0902.3159
0902.3605
0902.3657
0902.3978
0902.4731
0902.4759
0903.0631
0903.0950
0903.3013
0903.3264
0903.3397
0903.3725
0903.4938
0903.5158
0904.0554
0904.0829
0904.0928
0904.1334
0904.1595
0904.2190
0904.2835
0904.3550
0904.3670
0904.4454
0904.4464
0904.4664
0904.4841
0905.0055
0905.0301
0905.0695
0905.0751
0905.1325
0905.1514
0905.1552
0905.2300
0905.2421
0905.2442
0905.2502
0905.2579
0905.2751
0905.2798
0905.3298
0905.3532
0905.3563
0905.3821
0905.4117
0905.4213
0905.4557
0905.4949
0906.0134
0906.0530
0906.0569
0906.0767
0906.1789
0906.1813
0906.3046
0906.3341
0906.3477
0906.3693
0906.3711
0906.4123
0906.4517
0906.4767
0906.5069
0906.5135
0906.5407
0906.5430
0907.0711
0907.1636
0907.1660
0907.1748
0907.1988
0907.2476
0907.2645
0907.2916
0907.3052
0907.3149
0907.3377
0907.4003
0907.4103
0907.4109
0907.5201
0907.5424
0907.5591
0908.0679
0908.0955
0908.1005
0908.1832
0908.3967
0908.4089
0908.4274
0908.4281
0908.4488
0908.4593
0909.0070
0909.0622
0909.0749
0909.2149
0909.2754
0909.2776
0909.2829
0909.2866
0909.3525
0909.3571
0910.0822
0910.1278
0910.1452
0910.1998
0910.2307
0910.2710
0910.3538
0910.3833
0910.4958
0910.5722
0911.1345
0911.1814
0911.2237
0911.3196
0911.3380
0911.3852
0911.5516
0912.0162
0912.0201
0912.0399
0912.0790
0912.0923
0912.1754
0912.2488
0912.3142
0912.3244
0912.3370
0912.3527
0912.4093
0912.4268
0912.4563
0912.4832
0912.5236
0912.5304
1001.3125
1001.3292
1001.3595
1001.4102
1001.4384
1001.4538
1001.4572
1001.4823
1001.5028
1002.0600
1002.1075
1002.1416
1002.1429
1002.3110
1002.3478
1002.3912
1002.3966
1002.4779
1002.4928
1003.0003
1003.0810
1003.0876
1003.0905
1003.1043
1003.1745
1003.2014
1003.2857
1003.3483
1003.3925
1003.4020
1003.4259
1003.5593
1003.5751
1003.5917
1003.6056
1003.6097
1004.1063
1004.1711
1004.2244
1004.3613
1004.3691
1004.4794
1004.4947
1005.0717
1005.0788
1005.1809
1005.1840
1005.2205
1005.2953
1005.4410
1005.4655
1005.4840
1005.5076
1005.5565
1005.5654
1006.1769
1006.2369
1006.2483
1006.2514
1006.2739
1006.2801
1006.3202
1006.3387
1007.0027
1007.0443
1007.0970
1007.1006
1007.2410
1007.2498
1007.2654
1007.2939
1007.3204
1007.3725
1007.4506
1007.4627
1007.4676
1007.4856
1008.0048
1008.1196
1008.1250
1008.1305
1008.3589
1008.5149
1008.5288
1009.0866
1009.2157
1009.2445
1009.3967
1009.4475
1009.4505
1009.5855
1009.5953
1009.6067
1010.0831
1010.0941
1010.1025
1010.1780
1010.2202
1010.2215
1010.3453
1010.4743
1010.5375
1011.0544
1011.1232
1011.2062
1011.2381
1011.2729
1011.2779
1011.3040
1011.3495
1011.3706
1011.3876
1011.3927
1011.3959
1011.4249
1011.4801
1011.4920
1011.4921
1011.5604
1011.6374
1012.0853
1012.1268
1012.1305
1012.1307
1012.1656
1012.2272
1012.2324
1012.4008
1012.5230
1012.5624
1101.0822
1101.1525
1101.2022
1101.2186
1101.2843
1101.3338
1101.4049
1101.4520
1101.5307
1101.5880
1102.0408
1102.1015
1102.1062
1102.1513
1102.1932
1102.2181
1102.4333
1103.0007
1103.1146
1103.1389
1103.2016
1103.2124
1103.2271
1103.2335
1103.2976
1103.3019
1103.3528
1103.4156
1103.4708
1103.4967
1103.5134
1103.5745
1103.5870
1103.5912
1103.5974
1103.6029
1104.0155
1104.1167
1104.1300
1104.2333
1104.2669
1104.2932
1104.2933
1104.2934
1104.2935
1104.3193
1104.3688
1104.4286
1104.4349
1105.0419
1105.0909
1105.1886
1105.3182
1105.3474
1105.3724
1105.3735
1105.5649
1105.5723
1105.6030
1106.0172
1106.0499
1106.0502
1106.0946
1106.1264
1106.1428
1106.2153
1106.2476
1106.3344
1106.3366
1106.4996
1106.5052
1107.1176
1107.1540
1107.3157
1107.3669
1107.5229
1107.5410
1107.5504
1107.5910
1108.0067
1108.0593
1108.0829
1108.0893
1108.1147
1108.1835
1108.1856
1108.2222
1108.2635
1108.2637
1108.2660
1108.4712
1108.5231
1108.6184
1108.6265
1108.6266
1109.0022
1109.0169
1109.1047
1109.2314
1109.2484
1109.3230
1109.3515
1109.3845
1109.4119
1109.4126
1109.4688
1109.4947
1109.5573
1109.6636
1109.6801
1110.0646
1110.3327
1110.5107
1110.6153
1111.0263
1111.1655
1111.1766
1111.1983
1111.2048
1111.2070
1111.2997
1111.3535
1111.3613
1111.3794
1111.4107
1111.5193
1111.5816
1111.7192
1112.0315
1112.0360
1112.0994
1112.1435
1112.1899
1112.2683
1112.2995
1112.5435
1112.6391
1201.0061
1201.0095
1201.3621
1201.3942
1201.4151
1201.4742
1201.4853
1202.0005
1202.0430
1202.0554
1202.1172
1202.1247
1202.1986
1202.2366
1202.3305
1202.3781
1202.5456
1202.5766
1203.0219
1203.4479
1203.4595
1203.5283
1203.5596
1203.5783
1203.5803
1203.6263
1203.6594
1204.0211
1204.2373
1204.5772
1205.1917
1205.2019
1205.3140
1205.3370
1205.3421
1205.4678
1205.5431
1205.5713
1205.6166
1205.6763
1206.2080
1206.2382
1206.2723
1206.3496
1206.3852
1206.4196
1206.4253
1206.5678
1206.5765
1206.6736
1207.0007
1207.1009
1207.1039
1207.4657
1208.0022
1208.0032
1208.0103
1208.1242
1208.1515
1208.2807
1208.3025
1208.3026
1208.5773
1209.0457
1209.0922
1209.1609
1209.3403
1209.4374
1210.0900
1210.3257
1210.3960
1210.4504
1210.6869
1210.7183
1210.8138
1211.1354
1211.1624
1211.2154
1211.3741
1211.6269
1212.2204
1212.2852
1212.2921
1212.3527
1212.4128
1212.4773
1212.5184
1212.5226
1212.5835
1212.6017
1212.6267
1212.6760
1301.0824
1301.1264
1301.2245
1301.2598
1301.2856
1301.5699
1301.6210
1302.0025
1302.0130
1302.0254
1302.2268
1302.3898
1302.4646
1302.5268
1303.1177
1303.1430
1303.3576
1303.3787
1303.3925
1303.4154
1303.4636
1303.5076
1303.5080
1303.5081
1303.5085
1303.5089
1304.0238
1304.0449
1304.0484
1304.0723
1304.1961
1304.2433
1304.2785
1304.4089
1304.5239
1304.5411
1304.5527
1304.6688
1304.6984
1304.7240
1305.0236
1305.0279
1305.0824
1305.2930
1305.3034
1305.3557
1305.4231
1305.4654
1305.7227
1305.7457
1306.0004
1306.0913
1306.1853
1306.3450
1306.3512
1306.4160
1306.4426
1306.4750
1306.5502
1306.5743
1306.6582
1306.6724
1307.2245
1307.2450
1307.5098
1307.5222
1307.5238
1307.5330
1307.6382
1307.6968
1307.7169
1307.8114
1308.0589
1308.0687
1308.1366
1308.1867
1308.4685
1308.5410
1309.6637
1309.6896
1309.7392
1310.2790
1310.3373
1310.4795
1310.6728
1310.7786
1310.7915
1310.8642
1310.8654
1311.0744
1311.1238
1311.1297
1311.1798
1311.2073
1311.3111
1311.3361
1312.2229
1312.2462
1312.2524
1312.2670
1312.3204
1312.3597
1312.3759
1312.4877
1401.0046
1401.1959
1401.2941
1401.4137
1401.4173
1401.4479
1401.5403
1401.7378
1401.7628
1402.0526
1402.1121
1402.1764
1402.5424
1402.5935
1402.6613
1403.3961
1403.3985
1403.4704
1403.4927
1403.5817
1403.6649
1403.6746
1403.6984
1403.7377
1404.0006
1404.0008
1404.0373
1404.0778
1404.1024
1404.2601
1404.4008
1404.4036
1404.4061
1404.4195
1404.4311
1404.6127
1404.6212
1404.6495
1404.7689
1405.1644
1405.2075
1405.2921
1405.6314
1405.6351
1406.1486
1406.2357
1406.2417
1406.2790
1406.4092
1406.6701
1407.0379
1407.0825
1407.0998
1407.2446
1407.2772
1407.3768
1407.3789
1407.4331
1407.4851
1407.5662
1407.6667
1407.7040
1408.0107
1408.0487
1408.0670
1408.1270
1408.1285
1408.1678
1408.1952
1408.3129
1408.3561
1408.3626
1408.4141
1408.4813
1408.4893
1408.5131
1408.6997
1409.0886
1409.1909
1409.2471
1409.2686
1409.2860
1409.3146
1409.3834
1409.7174
1409.7260
1409.8014
1409.8300
1410.0048
1410.0691
1410.2509
1410.2896
1410.3323
1410.3993
1410.4239
1410.5608
1411.0272
1411.0323
1411.1636
1411.3199
1411.4531
1411.5745
1412.0762
1412.1073
1412.1477
1412.2051
1412.2518
1412.2914
1412.4300
1412.4872
1412.5979
1412.6098
1412.6205
1412.7136
1412.8471
1501.00127
1501.00488
1501.00819
1501.00864
1501.01919
1501.02140
1501.02149
1501.02790
1501.03989
1501.05169
1501.05481
1501.06135
1501.06591
1501.07796
1502.00612
1502.00977
1502.01589
1502.01592
1502.01597
1502.01947
1502.02114
1502.02342
1502.02431
1502.03000
1502.03236
1502.03988
1502.04028
1502.04177
1502.05296
1502.05878
1502.06301
1502.07005
1502.07299
1503.00442
1503.01116
1503.02490
1503.02832
1503.03340
1503.04293
1503.06796
1503.07436
1503.07521
1503.07855
1503.08043
1503.08747
1503.08911
1503.09154
1504.01730
1504.01772
1504.03291
1504.03305
1504.04861
1504.05189
1504.05993
1504.06656
1504.07263
1504.07559
1504.07984
1505.00174
1505.00854
1505.01314
1505.01995
1505.02616
1505.02966
1505.03115
