1601.05821
1602.07843
1101.1673
1602.05764
0801.4186
1201.2353
1901.07047
1601.03593
1001.1102
2101.08571
1001.1361
1301.2345
0801.3295
2402.16622
0902.2876
1301.1123
1103.4967
1303.7150
2108.05512
2001.04466
2401.10093
1202.2145
1801.00802
2101.05898
1101.1077
1501.05310
2101.10470
1002.3478
1402.0502
1101.2045
1201.1237
2601.13514
1001.3125
2111.03606
2302.05537
1201.2648
1501.00333
2202.07684
2603.03122
1702.02375
2101.00530
2301.10911
2301.12694
2207.09600
2504.05042
2203.08905
1802.04173
2005.02465
1304.5778
1903.01144
2102.01632
2204.06139
2502.19344
1307.5458
1701.03025
2301.12117
2503.18754
0805.0594
1101.5714
1903.00007
2006.02486
2105.09954
0902.3660
1401.4212
1503.02641
2111.15497
2409.05178
0802.1724
1901.05493
1903.04622
1910.06810
1102.1016
2304.03800
2601.17674
0903.3895
1005.4070
1206.4207
2203.02768
2203.10646
0802.0269
1204.2304
1505.06201
1801.02053
1801.03672
1902.04037
1905.08562
2001.09178
2001.01338
1711.08552
2109.10975
0905.4669
1301.4309
1501.07838
1606.05343
1605.09073
1904.06759
2009.12857
2109.04509
2206.00368
2304.01274
0709.0963
0811.1674
0901.3553
1205.3301
1203.3590
1805.11579
1906.05542
1907.10049
2004.11365
2311.01269
1901.07410
2111.05137
2201.09379
2209.01990
0704.2488
0901.3783
1001.5243
0710.1068
1003.2133
1101.5026
1009.5371
1206.0738
1208.3582
1303.5681
1510.04704
1607.08897
1802.08015
1712.08026
1801.06725
1902.02761
1910.07461
2003.03559
2002.12582
2103.10187
2204.08052
0708.1861
0811.1479
1008.3859
0902.3213
1109.2505
1011.4125
1801.01823
1809.09192
2005.02294
2004.01487
2410.08487
2504.05980
1601.06791
1604.08831
1102.1364
1603.08299
0802.2706
1201.3367
1901.10203
1601.07512
1002.4140
2104.06749
0901.3766
1305.1933
0802.0398
2403.12652
0902.4267
1306.6747
1105.6030
1305.6805
2001.09520
1902.05508
2312.02686
1202.5834
1801.09728
2102.06188
1103.0262
1501.05665
2106.09445
1003.5751
1402.4796
1101.2900
1101.4878
2501.02213
1001.4538
2004.08157
2302.07211
1202.3983
1503.08510
2001.07348
2501.06955
1702.02383
2106.00493
2302.06031
2302.06314
2012.04561
2505.13371
2204.03381
1803.00249
2007.04656
1204.4709
1904.06463
2103.01919
2205.08643
2505.22265
1202.0007
1701.03699
2303.02180
0808.2818
1001.3726
1809.05800
2007.07258
2107.00647
0907.4762
1402.1085
1505.04866
2006.15663
2409.10976
0803.0547
1902.00377
1908.10231
1809.06499
1102.1463
2308.16755
2601.18233
0904.1667
1005.4934
1208.4948
2107.00056
2209.09436
0710.3417
1208.6059
1506.08197
1709.10500
1708.06878
1904.12982
1804.06839
2009.02495
2002.04798
1011.1669
2001.00795
0907.3728
1307.0250
1409.7539
1608.05161
1507.03228
1906.00833
2010.09765
2004.14114
1909.05604
2311.14989
0712.3621
0711.0871
0902.2395
1207.1504
1105.3971
1806.10217
1912.06710
1802.02429
2005.02400
2005.12925
2112.13506
2110.15894
0707.1785
0902.3273
0901.1094
1003.5424
1012.0370
1012.5305
1111.5019
1212.6345
1311.4869
1411.2121
1301.7424
1803.09524
1209.5352
0911.0600
1801.07153
2105.12206
1810.09231
1601.06960
1607.06487
1002.2689
1605.01475
0803.2569
1203.3639
1902.03663
1604.01167
0902.1683
2104.10704
0904.0864
1306.2144
0802.3218
2403.15006
0903.4881
1201.6641
1108.1147
1309.1816
2004.09841
1905.11290
2208.03173
1203.6041
1805.06432
2102.13459
1103.2578
1502.05409
2106.10849
1004.3691
1402.5971
1101.4225
1102.0643
2508.11843
1001.5259
2005.08975
2303.03345
1202.5805
1505.04196
2005.05028
2501.08255
1704.04079
2005.05215
2201.09706
2303.11109
1905.06156
2509.22577
2206.12454
1803.01411
2007.08994
1205.1515
1904.11468
2103.05656
2003.02208
2506.21396
1202.5035
1703.08377
2303.03738
0809.0631
1005.5431
1707.01254
2008.00006
2005.06071
0909.0742
1402.1169
1505.07259
2007.09973
2409.16616
0805.3540
1807.08892
1909.04083
1811.11328
1010.0198
2309.00355
2502.16443
0905.2549
1006.1574
1001.0023
2107.08441
2210.02993
0710.4878
1211.5238
1507.01587
0902.2196
1709.00189
1905.08887
1809.01953
1911.04816
2003.05704
2010.01463
0907.3831
1209.3940
1411.5663
1609.05911
1407.5946
1807.06571
2010.10526
2010.06357
1709.05272
2212.08962
0712.3909
0805.2366
1207.6704
1110.2107
1810.07647
1912.11727
1606.05175
1312.3632
2009.10839
1303.0171
1602.00002
1608.06300
1004.5098
1607.03155
0804.0473
1203.4260
1801.09070
1605.00683
0903.2603
2105.01101
0904.4662
1307.1477
0802.3379
2405.03525
0903.5398
1206.0819
1109.4688
1201.2750
2006.14301
1907.04473
2011.07908
1204.0826
1805.10742
2104.13422
1103.2704
1503.00009
2006.01927
1007.2498
1403.0693
1101.5651
1105.1182
2511.15068
1002.0600
2006.10870
2304.10793
1204.6551
1505.04294
2009.00546
2501.13666
1705.07021
2007.14993
2206.06991
2304.01422
1803.01081
2510.19718
2207.03473
1803.04871
2007.08997
1209.3045
1906.01214
2004.11551
2005.11303
2508.01026
1204.5487
1601.00080
2307.12088
0809.4772
1006.4658
1609.07135
2008.11736
2005.14710
0909.0954
1402.4818
1506.08788
2008.10700
2410.09308
0805.4016
1808.10567
1910.02896
1011.0032
2309.16893
2507.04890
0810.2769
1006.5055
0806.4160
2111.02680
1908.08726
0711.4428
1110.2155
1403.0953
1504.08347
1907.02281
1103.6071
1801.05777
2004.07134
1511.08866
0908.3599
1209.4075
1303.6137
1609.08726
1810.12917
2011.02507
2011.13754
1602.03151
1608.07345
1005.3306
1607.03506
0804.3971
1205.5274
1802.03609
1502.04830
0904.2990
2105.12745
0906.0307
1309.7223
0803.3085
2405.11969
0801.2936
1206.6043
1110.0646
1204.2291
2011.03545
1910.13388
0811.2435
1204.1110
1806.00928
2105.06128
1104.0105
1503.04203
1902.11157
1007.3204
1403.1568
1102.3188
1105.5543
2405.13591
1002.3110
2008.13139
2306.13403
1205.7024
1506.01022
2010.09261
2509.01689
1611.05756
2010.02133
2206.08420
2304.03742
1701.08432
2406.07479
2208.03832
1804.03658
2007.08998
1211.6388
1907.00261
2006.10391
2006.01366
2510.03619
1205.2333
1601.00097
2309.03947
0811.2506
1006.4932
1401.1436
2011.03031
2006.14000
0911.5206
1403.4436
1507.01000
2011.04031
2411.15984
0806.0617
1809.09615
1910.06170
1011.4503
2310.03846
2507.23493
0811.2764
1007.3260
0810.5174
2111.11504
1607.05278
0711.4536
1010.1029
1403.1791
1311.1456
1811.02968
1207.3168
2006.13826
1410.2597
1602.04002
1609.00437
1006.0431
1502.01597
0805.0603
1206.2926
1804.00671
1503.07963
0906.0932
2001.04891
0907.0919
1310.4039
0804.1248
2406.04232
0803.3121
1207.3166
1111.3535
1207.6799
1901.01899
1911.04504
1204.2745
1807.02817
2107.01768
1105.0705
1503.04205
1904.05683
1008.1250
1403.6480
1102.4444
1108.2872
2408.06323
0905.1552
2009.14690
2309.02353
1206.1604
1507.08023
1901.11241
2510.05925
1505.02482
2012.01400
2207.06655
2304.03792
1703.08586
2407.19026
2208.08223
1805.01101
2007.09008
1109.1542
1907.02532
2007.04199
2006.07333
2511.03935
1206.6809
1605.01373
2309.07000
0812.0788
1012.1786
2012.12268
2007.00223
0802.1249
1305.5422
1401.2046
1901.01402
2411.19661
0806.2662
1810.08228
1910.14010
1011.4622
2310.15291
2407.05269
0811.2922
0902.1422
1901.11069
1105.1587
1602.07702
1609.03082
1008.1460
1503.01116
0704.1937
1206.6152
1805.02247
1504.05820
0907.1165
2002.05756
0909.2019
1204.5341
0804.3961
2406.09267
0803.4273
1208.4160
1111.5193
1208.4448
1901.03338
1912.09378
1102.4299
1807.08660
2109.15244
1105.1051
1503.08749
1806.02906
1011.4801
1403.7837
1103.0525
1112.2907
2411.15908
0906.0530
2009.14698
2311.05762
1206.1627
1511.03964
1904.13082
2510.17010
1511.06137
1903.05834
2211.03274
2304.08110
1705.03552
2412.15039
2208.10417
1701.07056
2007.09009
1010.0450
1907.02625
2010.04142
1809.02408
2512.05961
1112.0524
1609.00962
2309.09794
0708.3819
0903.3653
2012.12276
2007.00264
0802.4047
1312.2009
1412.5106
1811.10037
2412.01466
0806.2681
1811.07261
1911.00839
1012.2036
2207.12227
1603.00463
1609.03674
1009.0521
1504.06656
0705.2340
1207.1465
1805.12008
1506.08533
0911.3346
2006.04121
0910.2224
1204.5925
0805.0449
2407.00920
0805.4491
1210.5081
1001.3292
1210.3666
1906.06233
1805.04163
1104.0058
1808.01647
2112.03150
1105.2273
1504.00332
1611.09347
0901.2644
1405.1036
1103.1257
1001.2074
2412.14423
0907.3052
1705.08978
2206.08001
1206.3117
1404.4065
1907.06699
2511.02731
1512.07129
1908.01803
2103.14445
2304.13955
1605.00256
2303.05435
2209.01209
1701.07837
2007.09011
1010.0451
1801.09636
2011.06543
1811.04573
2512.19261
1006.2928
1612.06325
2310.11489
0710.5153
0906.1335
2012.12281
2012.07293
0809.0695
1108.5172
1311.5864
1310.3896
2412.07903
0807.3769
1710.01191
1208.2537
1603.03494
1609.03908
1009.4919
1509.06371
0705.3322
1102.4619
1806.06607
1509.08694
0911.4073
2008.10442
0910.3072
1207.7214
0806.0336
2408.05067
0807.1905
1102.5628
1003.2857
1106.0726
1906.07422
1810.00505
1104.3870
1810.00042
2001.06259
1105.6076
1504.05419
1503.07735
0901.3775
1405.1053
1103.1628
1008.2171
2412.20535
0801.1085
1508.00416
2207.01591
1207.0478
1408.3694
1908.09438
2402.12251
1403.0238
1803.05065
2104.03436
2305.13139
1606.02663
2303.09521
2211.12169
1705.06728
1903.03158
1010.3997
1807.04677
2011.09751
1704.01538
2410.06199
1007.0214
1506.02402
2310.15225
0711.3858
0912.4791
1912.08754
2012.11287
0812.0069
1005.0346
1208.5931
1311.3069
1501.03723
1609.04153
1012.0908
1511.07978
0706.0035
1105.1082
1807.00807
1511.03858
0912.0384
2010.10594
0910.3216
1207.7235
0704.0737
2408.11678
0807.2683
1103.0576
1003.5593
1111.3776
1908.09551
1810.06703
1105.5636
1702.03951
2005.13056
1106.5234
1504.06772
0903.0631
1405.3279
1104.0012
1010.0029
2306.13829
0804.1293
0804.1161
2211.05780
1207.5065
1302.5859
1908.09852
2405.12169
1403.7823
1705.06381
2110.11149
2305.16153
1611.04043
2312.10026
2211.13020
1710.04232
1910.13970
0802.0628
1809.04752
2012.11765
2105.13876
1010.3027
1501.00095
2311.00247
0712.0647
0912.5000
1808.10816
1810.02373
1501.04968
1502.01160
1012.2879
1511.08195
0706.0955
1108.5203
1807.08732
1402.1407
0912.2393
2010.14213
0910.4196
1211.3177
0704.1152
2409.13615
0809.2856
1105.3794
1009.2157
1112.0995
1909.00840
1811.05487
1106.5365
1703.10256
2005.13484
1108.0984
1504.07237
0903.4938
1405.5515
1104.0669
1011.5847
2307.12985
0804.3139
2212.12754
1207.5234
1309.3817
1909.01346
2406.11226
1411.0180
1705.07098
2005.00503
2305.19810
1611.06476
2206.00601
2212.04490
1711.04772
1807.06209
0810.1995
1809.06863
1807.05232
2012.05375
0911.1997
1310.0349
2311.07545
0712.1100
1503.04818
1502.03605
0902.0573
1512.07142
0706.1726
1109.3400
1807.10406
1402.2563
0912.3529
2011.14431
0910.4387
1102.1898
0704.3426
2305.08761
0809.3216
1105.6216
1009.2445
1003.1434
1912.00987
1812.05605
1107.3988
1704.00566
2006.03013
1108.5198
1504.07263
0904.2835
1405.5780
1104.1053
0902.4832
1901.09973
0807.1101
2103.12606
1208.4853
1201.4876
1910.12784
2407.00154
1311.3752
1705.08071
2006.14126
2306.03705
1502.04007
1802.00886
2212.09627
1711.09538
1811.09565
0812.4781
1709.03986
1709.10286
0709.2701
0812.5023
0904.1917
1504.02097
1503.03876
0906.0096
1401.1959
0707.0071
1111.2366
1809.02136
1408.1545
0912.3688
2012.01243
0910.5424
1104.1573
0704.3800
2305.10999
0810.5746
1107.4760
1009.4475
1004.5489
1912.03300
1706.01705
1110.0319
1707.00974
2008.02998
1109.0122
1505.03117
0905.1514
1406.0847
1104.3545
0909.2668
1801.09037
0808.0009
2109.05731
1209.0776
1204.4533
1912.04024
2410.21537
1201.1423
1710.05417
1708.08719
2306.04460
1503.08247
1603.05202
2111.08015
1602.04288
1611.00036
0706.3284
1206.4596
1712.08535
1504.03199
1504.02365
0906.1366
1410.2896
0707.0396
1111.3944
1810.11030
1302.1509
0802.3658
1905.08804
0911.0646
1106.2921
0705.0240
2309.00370
0811.0916
1110.2865
1009.5953
1007.1962
1807.01820
1706.03391
1110.1422
1709.01577
2009.03127
1109.2259
1505.03542
0905.2502
1302.0992
1104.3945
0911.1597
1703.06559
0809.4646
2002.11667
1209.2235
1206.2233
1912.05499
2303.18249
1205.1003
1503.01278
1406.5958
2306.12022
1503.08308
1507.02521
2112.14262
1603.00479
1611.00037
1504.03320
1504.02725
0906.3003
1305.7457
0708.0484
1002.3162
1811.03786
1204.6531
0804.3580
1908.02513
0911.2463
1107.4614
0705.3460
2310.01193
0811.1203
1110.3486
1011.2381
1012.4529
1807.08794
1706.09850
1110.4520
1709.08281
2009.11561
1109.2662
1505.07109
0905.3298
1305.4915
1105.0210
0801.2643
1612.07811
0809.4944
2007.03528
1209.3058
1207.6828
1912.09045
2310.12925
1205.1384
2307.07964
1505.00035
1906.07005
1609.03612
0912.0201
1504.04015
1504.04364
0907.0700
1312.2670
0708.1295
1004.2488
1811.11616
1207.4290
0806.2886
1908.02742
0912.4168
1110.3305
0706.3903
2311.01271
0811.2081
1002.1555
1011.3040
0901.1021
1807.08816
1712.01153
1110.5975
1710.09588
2010.08435
1109.3507
1505.07410
0905.3532
1307.0507
1105.0680
0805.3843
1503.06388
0810.0208
1903.02592
1209.3368
1209.5122
1912.12022
2401.00130
1206.3053
2210.12178
1308.3733
1505.04819
1504.04876
0907.0874
1205.3421
0708.1731
1005.1217
1812.03168
1210.3225
0807.2603
1801.02341
0803.1707
1111.2836
0707.0888
2002.03960
0811.2851
1005.3613
0904.4454
0902.2029
1807.09645
1605.01620
1111.2314
1711.04834
2011.01165
1110.0681
1505.07455
0906.1789
1307.2288
1105.2522
0805.4177
0810.2405
1809.10931
1106.4772
1210.1854
1806.02801
2209.06595
1003.1536
2210.13840
1506.01712
1506.04175
0907.4745
1210.7183
0709.0230
1007.0742
1702.07675
1101.2149
0807.3743
1803.06149
0804.2905
1002.2705
0707.1982
2003.03782
0811.3102
1009.5243
0906.0569
0904.2768
1808.07629
1605.09383
1111.4789
1712.06170
2012.07492
1110.1917
1506.00370
0906.3341
1307.3256
1105.3151
0809.4703
0811.3934
1811.00718
1110.1939
1210.5579
1810.06297
2107.10091
0808.3489
2212.11743
1507.02270
1506.06009
0909.2867
1212.5226
0709.0282
1009.0106
1704.02744
1104.2714
0808.0186
1803.06150
0806.1235
1004.0942
0707.2848
2003.04554
0704.2696
1012.4558
0906.4767
0906.4055
1704.00015
1606.06986
1004.4930
1608.05606
1903.02427
1110.4366
1506.01408
0906.5135
1308.6263
1105.5797
0810.1037
0704.0212
1712.00241
1112.1950
1103.2441
1810.06549
1806.06471
1507.05161
1507.01727
0911.3535
1104.2932
0709.4574
1011.4477
1705.07132
1104.3965
0808.1252
1804.01532
0807.0792
1012.5762
0708.2865
2006.03966
0705.2212
0901.1661
0912.0162
0908.3290
1705.03729
1609.04111
1004.5072
1609.06245
1905.01949
1004.4352
1506.03520
0909.2776
1309.1082
1106.5371
0812.3646
0708.4321
1205.1330
0901.2686
1008.1368
1708.05841
1812.01526
1508.04001
1507.05209
0911.5041
1104.2933
0710.0376
0905.0479
1706.02467
1105.0901
0808.4136
1806.01695
0809.2885
0903.3596
0708.4285
1903.06692
0705.3831
0902.3070
0912.3142
0801.1671
1604.03637
1512.02205
1005.1748
1609.08816
1905.06374
1010.3481
1506.07110
0912.5304
1311.5393
1107.0442
0812.4716
0712.3779
1509.00030
1508.05096
0912.3517
1104.2934
0710.1118
0801.1023
1706.06645
1110.2340
0809.2041
1806.11567
0809.2953
0904.3112
0708.4414
1903.11281
0706.1392
0905.4720
0802.3389
0802.0624
1502.02024
1404.0680
1007.0860
1612.09207
1907.02922
1010.4608
1508.06917
0802.1634
1311.7151
1107.0722
0704.1800
1509.02163
1509.01623
0912.3692
1104.2935
0710.1130
0806.0971
1709.04205
1110.6769
0809.2045
1708.05392
0810.1719
0906.3681
0709.1170
1905.11050
0706.3007
0906.0777
0804.1098
0805.3376
1506.09135
1405.7654
1009.2076
1508.06867
1912.13473
1010.5295
1509.01598
0802.2523
1312.0577
1107.3884
0705.4576
1509.02784
1510.07582
0803.0915
1106.3366
0710.2100
0806.2334
1711.05744
1009.5579
0811.3107
1510.01778
0810.3722
0801.1345
0709.2666
1907.00127
0706.3518
0907.4303
0806.3929
0806.1614
1306.0121
1406.1759
1011.3413
1509.02556
1806.09543
1012.4566
1510.02265
0805.0413
1312.4612
1001.4054
0707.1556
1509.04710
1511.02267
0805.1428
1108.4712
0710.3048
0809.4606
1712.02777
1012.1783
0704.0731
1510.02094
0812.0413
0807.3029
0710.1812
1910.05742
0707.3533
0909.4133
0809.2022
0809.2854
1311.2044
1204.2510
1011.5288
1402.0142
1703.01627
0901.3946
1511.04370
0808.2551
1312.7420
1005.0506
0707.4319
1510.02475
1511.06717
0811.2069
0902.3978
0710.3181
0810.0813
1504.07255
0902.0658
0707.2681
1402.1354
0812.1427
0809.3437
0710.2951
1911.04884
0707.4454
0910.1785
0809.4556
0810.5643
1311.5238
1110.4335
0911.0228
1409.5914
1709.00978
0901.4349
1512.01081
0810.4677
1202.1965
1009.5002
1511.03264
1512.08827
0704.3764
0906.4123
0710.5136
0810.3908
1509.05429
0806.0964
0709.0900
1402.7086
0812.1467
0810.1507
0710.4560
1912.09347
0708.4129
0802.4335
0706.1057
0706.1114
1003.4959
0911.1955
0806.4495
1302.1566
1709.06651
0802.1207
1512.02647
0812.3388
1511.04446
1302.3675
0705.2519
0910.1452
0711.0699
0812.0362
1410.8185
0809.2144
0709.1915
1212.1558
0812.2035
0811.4169
0710.5172
1802.06395
0711.2099
0812.2917
0707.1088
0707.1393
1010.1869
0803.3762
0810.5337
1305.6156
1801.00353
0802.1997
1512.03961
0704.1090
1512.01095
1306.2418
0709.2589
0803.4089
0711.4965
0704.2783
1312.2101
0708.0115
0711.2420
1109.2497
0705.1664
0812.0084
0711.0747
1811.08356
0711.2132
0707.0839
0709.1680
0707.3624
0804.4008
0706.0897
0707.2402
1206.6840
1606.09608
0705.0077
1412.6086
0710.5269
1512.03816
0704.0632
0710.2335
0707.2882
0712.1061
0711.2521
1203.1695
0711.3996
0801.0110
1004.1875
0712.0609
0704.3704
0712.1260
1207.4217
0712.2532
0707.0875
0712.1429
0711.4899
0808.1045
0710.5312
0708.3705
1208.0366
1611.08421
0712.1008
1005.4269
0711.2187
