1412.4872
0706.0033
0705.3701
0707.2882
0705.2656
0708.4231
0705.4397
0704.0737
0705.1080
0705.1158
0706.1057
0704.1845
0712.1394
0711.4602
0704.1090
0704.0212
0708.2889
0708.4321
1501.05169
0912.0201
0705.3265
1102.2181
1807.06205
0911.3852
1303.5076
1502.03236
0810.0162
2109.10915
1509.05693
2010.15628
2108.12567
1502.04028
0706.1146
0707.0535
0803.4089
0709.1621
0802.4379
0709.2044
0704.1152
0705.3070
0705.1688
0707.1088
0707.4181
0901.2262
0901.0265
0710.5269
0708.2865
0901.3775
0712.3779
1502.03000
1611.00036
0709.0982
1104.2333
1807.06209
1003.1043
1303.5080
1502.05878
1407.6667
2109.13171
1504.03291
0706.2041
0802.3688
0902.3978
0709.2129
0907.4103
0711.3180
0704.3426
0705.4139
0707.2390
0709.1680
0707.4679
0904.0928
0904.4664
0711.2187
0710.2951
0904.0554
0804.1293
1503.08747
1611.00037
0712.1820
1106.5052
1807.06211
1007.3725
1303.5081
1505.06585
1501.01919
2203.11906
1506.06590
0706.2151
0809.0695
0906.4123
0709.2365
1003.5917
0805.2670
0704.3800
0707.2153
0708.0723
0712.1429
0710.3755
0910.0822
0907.5424
0802.1634
0801.1085
0904.0829
0807.1101
1505.05760
1811.09565
0712.2477
1112.2683
1812.06076
1101.5307
1303.5089
1506.02497
1506.08486
0707.1941
0810.1903
0910.1452
0709.3120
1007.0443
0806.3018
0705.0240
0708.2783
0804.0672
0802.3389
0808.0819
0910.2307
1003.0905
0802.2523
0802.4138
0904.1334
0811.3934
1505.07800
1903.03158
0802.1557
1112.5435
1905.05697
1102.1062
1312.2462
1507.02657
0708.0924
0902.2833
1104.2932
0710.3565
1007.4506
0807.1326
0705.3460
0709.0732
0812.1205
0804.1098
0903.3725
0912.0923
1006.2514
0805.0413
0803.0547
0904.2190
0905.1552
1506.06452
1910.13970
0808.0746
1202.0005
1907.04869
1508.03634
0709.1950
0902.4759
1104.2933
0803.3659
1008.1305
0807.3551
0706.3903
0709.0770
0905.2421
0806.3929
0905.3821
0912.4832
1109.4947
0808.2551
0804.1055
0904.2835
0907.3052
1508.07903
2005.02465
0809.0865
1208.0032
1907.10625
1509.00055
0710.1738
0908.4089
1104.2935
0803.4446
1010.1780
0808.1161
0707.0888
0709.2535
0906.5430
0809.2022
0906.3693
1003.0876
1301.2856
0810.4677
0804.3139
0904.4464
1001.3125
1602.03520
2007.04656
0811.2004
1210.7183
1509.06615
0711.2072
0909.0622
1106.3366
0806.1245
1011.1232
0808.1921
0707.1982
0710.4964
0912.2488
0809.4556
0908.0955
1103.5870
1303.5085
0812.3388
0805.0974
0905.0055
1001.4538
1604.06345
2007.08994
0902.4731
1211.2154
1511.03662
0712.1100
0911.3380
1108.4712
0806.4710
1103.4708
0809.4606
0707.2848
0710.5073
1003.0003
0904.4454
0910.5722
1403.4704
1304.2785
0901.2644
0806.0336
0905.0301
1002.0600
1607.00775
2007.08997
1003.1745
1211.3741
1511.05581
0712.2821
1003.6097
1305.7457
0807.0160
1103.5745
0810.4484
0708.4285
0711.4264
1005.1840
0906.0569
0911.3196
1511.04364
1306.3512
0903.0631
0807.3988
0905.2300
1002.3110
1610.05635
2007.08998
1103.1389
1212.5226
1512.02076
0712.4017
1101.1525
1312.2670
0807.0712
1103.5912
0811.0981
0708.4414
0712.3457
1005.2205
0906.4767
1002.1416
1611.04084
1312.2524
0903.4938
0808.0009
0905.2579
1611.09275
2007.09008
1212.6267
1512.06239
0801.1547
1102.1513
1401.1959
0807.3325
1103.6029
0811.2364
0709.1170
0801.0553
1010.1025
0912.0162
1004.4947
1612.00345
1403.3985
0905.1514
0809.4646
0905.3563
1612.08222
2007.09009
1601.01321
0801.4103
1102.1932
1410.2896
0810.0104
1104.0155
0811.4424
0709.2666
0801.2692
1011.0544
0912.3142
1007.0027
1802.07722
1403.4927
0905.2502
0809.4944
0906.3477
1701.05750
2007.09011
1601.07112
0803.0982
1102.4333
1502.01597
0811.1572
1105.3735
0812.2872
0710.1812
0801.2907
1104.2669
1001.3292
1007.1006
1903.03098
1403.5817
0905.3298
0810.0189
0906.5069
1705.01892
1602.03831
0803.2613
1103.2271
1503.01116
0901.0933
1106.3344
0901.1219
0710.4560
0801.3324
1106.1264
1003.2857
1007.2654
1903.03836
1404.0373
0905.3532
0810.0208
0907.1748
1705.02328
1602.03837
0803.3775
1104.2934
1504.06656
0901.2750
1107.3157
0901.1303
0710.5172
0803.0181
1106.4996
1003.5593
1008.3589
2004.09444
1404.2601
0906.1789
0810.2405
0908.1005
1707.08056
1602.03840
0804.1585
1106.2476
1509.06371
0902.0145
1107.5504
0901.4804
0711.0747
0803.1401
1108.0067
1009.2157
1101.0822
2006.07142
1408.3129
0906.3341
0902.0615
0908.1832
1602.04735
0804.4142
1109.0022
1511.07978
0902.3605
1108.5231
0902.3159
0712.1260
0803.4106
1108.6266
1009.2445
1104.3193
2007.06829
1410.0691
0906.5135
0902.1006
0909.2149
1603.02356
0805.1726
1109.5573
1511.08195
0903.3397
1109.3230
0903.3013
0801.3295
0806.0669
1201.4742
1009.4475
1105.5649
2010.00986
1502.00612
0909.2776
0902.2941
0909.3525
1603.07333
0809.0631
1110.3327
1512.07142
0905.4949
1109.3515
0903.3264
0802.0398
0806.2755
1205.3421
1009.5953
1106.0946
2102.09946
1502.01589
0912.5304
0903.5158
0910.1998
1605.04910
0809.0898
1110.5107
1602.05764
0907.5591
1109.3845
0904.3550
0802.3218
0806.3497
1304.1961
1011.2381
1106.1428
2105.08438
1504.01730
1002.3478
0905.4557
0911.1814
1605.05333
0809.0907
1201.3621
1603.08299
0908.0679
1110.6153
0905.0695
0802.3379
0807.1145
1304.6984
1011.3040
1108.0593
2112.10159
1003.5751
0906.0530
0912.0399
1605.08768
0809.0927
1202.2366
1605.01475
0909.2829
1111.1655
0906.0134
0803.3085
0807.3577
1305.4654
1103.4967
1108.0893
2112.15077
1004.3691
0906.0767
1002.1429
1607.00897
0809.3395
1203.0219
1607.03155
0910.1278
1111.1983
0906.5407
0804.1248
0808.0714
1306.1853
1105.6030
1108.2660
2201.02424
1007.2498
0906.1813
1006.2739
