0704.3764
0707.2882
0708.0115
1004.1875
0704.0737
0707.0839
0706.0897
0705.0077
1503.07735
0704.1090
0901.2686
1708.05841
0808.3489
1503.01278
0912.0201
1206.4596
1704.01538
1208.5931
0802.1724
1710.01191
1311.1456
0905.4669
0805.2366
1906.05542
2005.12925
1208.3582
1303.5681
0811.1479
1008.3859
0902.3213
0705.2519
0803.4089
0711.3996
1109.2497
0704.1152
0707.0875
0710.5312
0712.1008
1511.06434
0710.5269
1106.4772
1806.02801
1003.1536
1705.06381
1611.00036
1709.03986
1809.02408
1311.5864
0803.0547
1807.08892
1504.08347
0907.3728
0901.3553
1912.06710
2018.00461
1212.6345
1311.4869
0709.1915
0902.3978
0806.0964
1212.1558
0704.3426
0802.4335
0803.3762
0802.1207
1512.08194
0711.2187
1110.1939
1810.06297
1201.1423
1705.07098
1611.00037
1801.09636
1811.04573
1401.2046
0805.3540
1808.10567
1708.06878
0907.3831
0902.2395
1912.11727
2311.01269
0709.2589
0906.4123
0809.2144
1402.1354
0704.3800
0812.2917
0911.1955
0802.1997
1605.05775
0802.1634
1112.1950
1810.06549
1205.1003
1705.08071
1807.06209
1807.04677
2003.02208
1412.5106
0805.4016
1809.09615
1709.00189
0908.3599
0710.2335
0910.1452
0902.0658
1402.7086
0705.0240
0901.1661
1110.4335
0901.3946
1607.07539
0802.2523
1201.2648
1901.11241
1205.1384
1710.05417
1811.09565
1809.04752
2005.11303
1503.02641
0806.0617
1810.08228
1801.03672
0711.2420
1104.2932
1009.5579
1510.01778
0705.3460
0902.3070
1204.2510
0901.4349
1611.05985
0805.0413
1202.3983
1904.13082
1206.3053
1803.05065
1903.03158
1809.06863
2006.01366
1505.04866
0806.2662
1811.07261
0802.4047
1104.2933
1012.1783
1510.02094
0706.3903
0905.4720
1404.0680
1004.4352
1611.09347
0808.2551
1202.5805
1907.06699
1311.3752
1903.05834
1910.13970
1903.01144
2006.07333
1505.07259
0806.2681
1901.05493
0803.0915
1104.2934
1101.2149
1708.05392
0707.0888
0906.0777
1405.7654
1010.3481
1702.04782
0810.4677
1204.6551
1908.09438
1403.0238
1908.01803
2005.02465
1904.06463
2011.01685
1506.08788
0807.3769
1902.00377
0805.1428
1104.2935
1104.2714
1801.02341
0707.1982
0907.4303
1406.1759
1010.4608
1801.01450
0812.3388
1205.7024
1908.09852
1403.7823
1985.13232
2007.04656
1904.11468
2012.01829
1507.01000
0811.2069
1106.3366
1104.3965
1803.06149
0707.2848
0909.4133
1512.02205
1010.5295
1803.01164
0901.2644
1206.1604
1909.01346
1411.0180
1999.00876
2007.08994
1906.01214
2204.06139
0902.0573
1108.4712
1105.0901
1803.06150
0708.2865
0910.1785
1605.01620
1012.4566
1806.02906
0901.3775
1206.1627
1910.12784
1501.0051
2005.05215
2007.08997
1907.00261
2205.08643
0906.0096
1205.3421
1110.2340
1804.01532
0708.4285
1002.1555
1605.09383
1101.1077
1806.05952
0903.0631
1206.3117
1912.04024
1505.02482
2007.14993
2007.08998
1907.02532
6773.13212
0906.1366
1210.7183
1110.6769
1806.01695
0708.4321
1005.3613
1606.06986
1103.0262
1806.06438
0903.4938
1207.0478
1912.05499
1511.06137
2009.00847
2007.09008
1907.02625
9552.12452
0906.3003
1212.5226
1204.6531
1806.11567
0708.4414
1009.5243
1609.04111
1103.2578
1902.11157
0904.2835
1207.5065
1912.09045
1512.07129
2010.02133
2007.09009
0907.0700
1305.7457
1207.4290
1905.08804
0709.1170
1012.4558
1706.01705
1103.2704
1904.05683
0905.1514
1207.5234
1912.12022
1611.05756
2012.01400
2007.09011
0907.0874
1312.2670
1210.3225
1908.02513
0709.2666
1102.5628
1706.03391
1104.0105
1905.10659
0905.2502
1208.4853
2001.07348
1702.02375
2013.00513
0907.4745
1401.1959
1302.1509
1908.02742
0710.1812
1103.0576
1706.09850
1105.0705
2001.04385
0905.3298
1209.0776
2005.05028
1702.02383
2014.00036
0909.2867
1410.2896
1402.1407
1999.02379
0710.2951
1105.3794
1712.01153
1105.1051
2006.01927
0905.3532
1209.2235
2009.00546
1704.04079
2101.00530
0911.3535
1502.01597
1402.2563
2001.04891
0710.4560
1105.6216
1805.04163
1105.2273
2007.02471
0906.1789
1209.3058
2010.09261
1705.07021
2106.00493
0911.5041
1503.01116
1408.1545
2002.05756
0710.5172
1107.4760
1810.00505
1105.6076
2012.09737
0906.3341
1209.3368
2202.07684
0912.3517
1504.06656
1502.04830
2006.04121
0711.0747
1110.2865
1810.06703
1106.5234
2012.10610
0906.5135
0912.3692
1509.06371
1503.07963
2008.10442
0712.1260
1110.3486
1811.05487
1108.0984
2019.00007
0909.2776
1002.2689
1511.07978
1504.05820
2009.15782
0712.3779
1201.6641
1812.05605
1108.5198
2020.00006
0912.5304
1004.5098
1511.08195
1506.08533
2010.10594
0801.3295
1206.0819
1902.05508
1109.0122
2020.00009
1002.3478
1005.3306
1512.07142
1509.08694
2010.14213
0802.0398
1206.6043
1905.11290
1109.2259
2021.00037
1003.5751
