1104.3913
1306.5204
1409.0575
1412.3756
1511.00830
1602.05352
1603.07025
1607.06520
1608.07187
1609.05807
1610.02413
1610.07524
1610.08452
1611.07438
1611.07509
1701.08230
1703.06856
1703.09207
1705.10378
1706.02409
1706.02744
1707.00574
1707.09457
1709.02012
1710.08615
1710.11214
1711.05144
1711.07076
1711.08536
1712.03586
1801.04385
1801.07593
1802.08139
1803.04383
1803.09010
1804.06876
1804.09301
1805.03094
1805.05859
1805.09458
1805.11202
1808.08166
1809.01496
1809.02208
1809.02244
1809.04737
1809.10083
1810.01943
1810.03611
1810.03993
1810.08683
1810.08810
1811.00103
1811.03654
1811.05577
1811.10104
1811.11154
1901.03116
1901.10436
1902.01421
1902.03519
1902.07823
1903.03862
1903.08136
1903.10561
1903.10598
1903.12262
1904.03035
1904.03310
1905.03674
1905.10674
1905.11361
1905.12843
1906.02589
1907.06430
1907.12059
1909.05088
1910.10872
2005.07293
2103.11320
2109.03952
2204.09591
