1212.0402
1306.5151
1409.1556
1412.6572
1503.02531
1510.00149
1604.01685
1611.06069
1710.06924
1710.09829
1711.05225
1712.05474
1801.00690
1802.05799
1804.00792
1808.07945
1809.11100
1810.07121
1812.05276
1901.07042
1904.01201
1905.03828
1907.06987
1907.11692
1909.06121
1909.08593
1909.12271
1910.14442
2001.03288
2003.04297
2003.08515
2003.10286
2004.05155
2006.04768
2007.01434
2009.09796
2010.01666
2012.05107
2012.07596
2012.15828
2101.03989
2103.03874
2104.00234
2105.00580
2106.00954
2106.03802
2106.11037
2106.15755
2107.02314
2110.04065
2110.07602
2111.02114
2111.02358
2112.03109
2112.03185
2112.03227
2202.01034
2202.06767
2202.10936
2203.05931
2203.06604
2204.00989
2204.14095
2205.01917
2208.02311
2209.11972
2209.14169
2209.14610
2209.15266
2210.02928
2210.03794
2210.07183
2211.14842
2211.14843
2212.05711
2301.00493
2302.04473
2302.13971
2303.04360
2303.08774
2303.11381
2303.15389
2303.17895
2304.01933
2304.03277
2304.03738
2304.10436
2304.10592
2304.14178
2305.05662
2305.09858
2305.10855
2305.11414
2305.13711
2305.14839
2305.19512
2306.02858
2306.07705
2306.08129
2306.12420
2306.13394
2306.15546
2306.17465
2307.08925
2307.10490
2308.01006
2308.11432
2308.14749
2308.15987
2309.06358
2309.07970
2309.11911
2309.13037
2309.14381
2309.14525
2309.15379
2309.17421
2310.03731
2310.06825
2310.09478
2310.10049
2310.10844
2310.11453
2310.12321
2310.17491
2311.00530
2311.01043
2311.01092
2311.07919
2311.09024
2312.00674
2312.06720
2312.11370
2401.02385
2401.05827
2401.07793
2401.13085
2401.16158
2402.01105
2402.01680
2402.02385
2402.03300
2402.06853
2402.08670
2408.09698
2408.09720
2408.10497
2408.12480
2408.13909
2408.17175
2409.01217
2409.04429
2409.07353
2409.08212
2409.11182
2409.12122
2409.12139
2409.12186
2409.12191
2409.12514
2409.13122
2409.13174
2409.15310
2409.15723
2409.16283
2409.17836
2409.18341
2409.19590
2409.19684
2409.20445
2410.03335
2410.04055
2410.04417
2410.04466
2410.06158
2410.06699
2410.07113
2410.08593
2410.08861
2410.13272
2410.15549
2410.18558
2410.20011
2410.21259
2410.21276
2410.21311
2410.23111
2410.23144
2410.23754
2410.23822
2410.24024
2411.00294
2411.01174
2411.01568
2411.03540
2411.05141
2411.05821
2411.06284
2411.11285
2411.11394
2411.14842
2411.14896
2411.14967
2411.15720
2411.17672
2411.18275
2411.18564
2411.19951
2412.02025
2412.05789
2412.05892
2412.05893
2412.06263
2412.07213
2412.10136
2412.10302
2412.12075
2412.13702
2502.05568
2503.13962
2503.16585
2506.24044
2509.22123
2509.24322
2603.18660
2603.24388
2603.27918
