# Old 53 docs used in M4query_v1 / delivery_v1
# Generated from queries.jsonl doc_id field
1104.3913
1306.5204
1409.0575
1511.00830
1602.05352
1603.07025
1607.06520
1610.02413
1610.07524
1610.08452
1611.07438
1611.07509
1701.08230
1703.06856
1706.02409
1706.02744
1707.09457
1709.02012
1711.07076
1801.04385
1801.07593
1802.08139
1803.04383
1804.06876
1804.09301
1805.03094
1805.03677
1805.05859
1805.11202
1808.08166
1809.01496
1809.02208
1809.04737
1809.10083
1810.01943
1810.03611
1810.08683
1811.00103
1811.10104
1901.10436
1902.03519
1903.10561
1904.03035
1904.03310
1905.03674
1905.10674
1907.06430
1907.12059
1909.05088
1910.10872
2005.07293
2103.11320
2109.03952
